Force
-1.72241243027581
-1.72980385919243
-1.72060096425307
-1.72184901069601
-1.72155807532956
-1.72396846179828
-1.72131085206034
-1.72527898740732
-1.73263782049685
0
-1.72436253699549
-1.36726385537423
-3.02676170126839
-3.63645247961274
-3.81497109512942
-3.66267593739238
-4.02446540117403
-4.09531643015792
-3.94227447614707
-4.16747159894652
-4.11227521387288
-4.36788612376519
-4.38288154752012
-4.39902906594524
-4.63812127998914
-4.80485468713265
-5.21084019587639
-5.41340414593924
-5.60265938733597
-5.84055359316625
-6.03329197407377
0
-6.06353449389391
-6.21168389184734
-6.41532302119284
-6.55145290082994
-6.66058944966604
-6.71016631309325
-6.75004500117353
-6.79913257918253
-6.81136731895475
-6.84058764957256
-6.87273526104186
-6.92479207878991
-6.87987650526011
-6.92086573808844
-6.91921501879247
-6.96334313117922
-6.96464724379581
-6.93702556595418
-6.94325634912346
-6.94581658141489
-6.92531054448024
-6.97712203493442
-6.92947115776626
-6.97459847075431
-6.96692668898038
-7.0050395010391
-6.97222957140638
-6.9827911551799
-6.98023903221655
-7.01477669022169
-6.92224875439989
-6.98936989174602
-6.95993548105954
-6.98046102241867
-6.96646066069654
-6.9443546658438
-6.98716342305154
-6.93977291653545
-6.97792787349581
-6.96295527097299
-6.99514871620035
-6.9963898785312
-6.98956332270968
-7.00979985894882
-6.9961469627094
-6.99475518930846
-6.97887125815313
-6.97762030200565
-6.96789527554511
-6.97556049423337
-6.99150163503604
-6.98400431271679
-6.99479070847527
-7.00247956388747
-7.00161828034116
-7.01209779504959
-6.9635273280851
-6.99232652661299
-6.973683632347
-6.98607208288004
-7.00842416205508
-6.97702311805468
-6.99117558130517
-6.97846158272839
-6.95077601127738
-6.9989360051695
-6.99147822637598
-6.99841367924188
-6.99252916758985
-6.98999379313362
-7.00006885119332
-6.98225233099948
-7.03284022688639
-6.99990078540201
-7.00905480240739
-7.0156002260518
-6.98034695122917
-6.99813499623832
-6.98580409072282
-7.01253585595366
-7.01875499602153
-7.00484874311511
-6.99851936663024
-6.98166205269396
-6.99330127352944
-6.99264669127032
-7.0162321062684
-7.00521460299396
-7.00201247763649
-7.00140114555243
-6.97442556073793
-7.01131371497833
-6.98825202504324
-6.99411057106183
-6.99696969859703
-6.99143263855815
-6.99576543986221
-7.00037674254983
-6.9944160999371
-6.98154340180184
-6.98350796044954
-7.0142417757123
-6.98593495730958
-7.01703804817475
-6.99404601754819
-6.98016742779012
-7.0116319476998
-6.98875469400171
-7.00729384688195
-6.99441484165493
-6.99260361852538
-7.00401628484125
-7.00974435853738
-7.0102227347497
-6.99479246594761
-6.98926207233524
-6.99849748367379
-7.01152648087182
-6.99950743077176
-7.00807752799934
-6.99797207610046
-6.99522451939153
-6.98599084387532
-6.9937146108919
-7.00103455408495
-7.0036473271057
-7.00903481798798
-6.99327687079315
-6.99771419842355
-6.98577457634608
-7.00170018175556
-6.99282244020606
-7.01636864591371
-6.99701879506354
-6.98311235611432
-6.99751125303353
-7.0188629460801
-6.99024101768597
-7.0043595467595
-6.97018853265276
-7.00632078419552
-7.0273730599921
-7.00115908014967
-7.01732734485704
-6.95953172034333
-6.98637575116868
-7.00163240946271
-6.99271506287496
-6.99982797661097
0
-6.98897139450206
-6.99684958507111
-7.02385680511173
-6.99317604788512
-6.99508011432823
-6.97219745966502
-7.04460397229108
-6.91763755752084
-6.9552473420819
-6.96359582298769
-6.98765971093728
-6.97355228538337
-7.01362517321899
-7.02448025084519
-7.0209236559351
-6.99135785714123
-6.95650166138784
-6.96794171257117
-6.98877784635916
-6.98298537612354
-6.98668887577358
-6.96528474990278
-7.01432322856598
-6.99173446494328
-7.004078302324
-7.01832301748422
-6.98153242990758
-6.98047018218345
-6.99260753347953
-7.00024072126593
-6.99723139863402
-7.00065464137058
-7.0139266556978
-6.9962354552977
-6.94721101862237
-6.97294544818841
-6.98755759967259
-6.96521345504557
-6.97234499604519
-7.0110369445836
-7.00392537525293
-7.01316521111367
-7.02686146914831
-6.99361540952734
-7.00315890749207
-6.99999764304334
-6.99090214700794
-7.02629533993512
-7.00219518371835
-6.98322045670241
-6.97024765022913
-7.00353846234182
-6.98639399419594
-6.98286767087664
-6.98056113865086
-6.96215240424821
-6.98366671328153
-7.01339168543541
-7.00878922599277
-7.01741120295553
-6.99099097803881
-6.99929643111385
-6.99532153042276
-6.9969427312004
-7.01570115762249
-7.00350005457192
-7.00945532613992
-6.968398920503
-7.00570863898119
-6.99032774156975
-6.99451370097007
-7.01903344550512
-6.98589941094065
-6.98995118072498
-6.98009431191505
-6.96173534498769
-6.98868197541158
-6.99302677465988
-6.97534549057535
-7.00624603810066
-6.96644794457809
-7.00513559700394
-7.00928401711846
-6.99272428002332
-7.01969657651779
-7.00052156087324
-6.99399710891618
-7.00157676405454
-7.0281361485409
-6.98842964743762
-6.99483094166599
-7.0045010499556
-7.00220394099591
-6.99983566445088
-6.98981795780487
-6.97245516183064
-7.00289785638061
-6.97413617016995
-7.0184534833052
-6.96428111363866
