Force
-1.83126002744117
-1.82819969444282
-1.83487619330385
-1.84310602863606
-1.83679322130845
-1.83975731844501
-1.83958614531361
-1.84126977792118
-1.8443154404355
-1.83808860841426
-1.84358528928038
-1.84798838466873
-1.83683269461028
-1.1310397221581
-2.63089607899784
-3.04025373720418
-3.10416304742878
-3.43653212405124
-3.49567389951102
-3.50967514228399
-3.76432563206794
-3.72252903408644
-3.59961001163077
-3.64299798488906
-3.70133265504958
-3.93547408536934
-4.03366791129217
-3.9983397481487
-4.02937578609702
-4.05135677796613
-4.13335522017403
-3.95963202668169
-4.0372950462357
-3.84506640985752
-3.99514954774512
-3.99273010287608
-3.92932236502185
-3.92856651577815
-4.03929450649942
-4.04336026744731
-4.03238185591851
-4.10752840679564
-4.18943144635542
-4.26269705578062
-4.26728372235223
-4.30964444558371
-4.44859852714812
-4.5144848479704
0
-4.55376147114352
-4.59947321351718
-4.65256821847332
-4.57556779887099
0
-4.69023984875395
0
-4.61872893097395
-4.65107816765226
0
-4.75245214045187
-4.73322639761832
-4.7491599139164
-4.71933587946183
-4.77909328311799
-4.82035433135112
-4.82660973497156
-4.8676364380019
-4.88546717868768
-4.87954461691861
-4.90535987133175
-4.90302605986738
-4.91729790528337
-4.94859372573472
-4.93200878145962
-4.94621135701347
-4.9225780822743
-4.93036666812687
-4.962208201412
-4.95359076052395
-4.95649462451006
-4.96969176541529
-4.94290675630626
-4.97833483349903
-4.95290618348543
-4.97981526590592
-4.99095450624533
-4.98774592457407
-4.9968542170458
-4.98047157997935
-4.96156671843327
-4.96771956656117
-4.98321411687084
-4.98195226268093
-4.96871572827759
-4.93816673231288
-4.95872192428366
-4.96128498914662
-4.99154725047476
-5.01046008018754
-4.99407059464548
-4.98291240053732
-4.99641077321759
-4.97969988831947
-5.00476328803533
-4.98780177691473
-4.95961773818534
-4.9850825694139
-4.98343219296762
-4.97655061699493
-4.99631674295403
-4.96285694881362
-4.97957454865293
-4.97815553208902
-4.98353441059911
-5.01165988420459
-5.02259586030517
-4.96463655154338
-4.99480502016393
0
0
0
-4.99189330193801
-4.99083302535333
-5.0191126224638
-5.01364844063496
-5.00053844930739
-4.98053433823795
-4.97492615274258
-5.00393978142261
-5.00466063293025
-4.99343568820213
-4.98275560787187
-4.98796173831487
-4.96386801890297
-4.98142656334029
-4.99133400513148
-4.99053033699892
-5.01013573490825
-4.9863812318296
-4.97714243125405
-4.96596856636089
-4.96630602667867
-4.98747417117871
-4.98191643099446
-4.99094807413305
-4.99834056883473
-5.00927815482806
-5.02520736142362
-4.98779208644974
-4.99179437572807
-4.98533633009532
-5.01079061065273
-5.00179060683668
-4.99649886629754
-5.00475638119676
-4.97919789498199
-4.99317359657919
-4.97600224082627
-4.9619795292681
-4.99550205365052
-5.00316921425548
-4.97923938959231
-5.01005753472394
-4.9973566384384
-4.98392181051445
-4.98871026960967
-5.00753753678002
-4.99499623692149
-5.00450943743266
-5.00831653012126
-4.98159787448262
-4.97172874380332
-4.994717576888
-4.98827509015893
-4.98531167432526
-4.98555631937369
-4.98651947353974
-4.98186521459634
-5.00072243341857
-4.99887911618988
-5.00341754616707
-4.99362364665184
-5.01489288121812
-5.01483847064625
-5.01058363873874
-4.98873176033126
-5.02643866748124
-4.96601136315183
-5.00771719288199
-4.97441219835467
-5.00510014550734
-5.0080816844888
-4.99336557163675
-4.99625673043978
-5.01083266104837
-4.9952575432099
-5.01557565752815
-4.98513316502631
-5.00190927986095
-4.99521781813764
-4.96439523029989
-4.98376124312434
-4.987525239933
-4.99477844545427
-4.98028655084518
-5.01415165663549
-4.97227542516953
-4.99531759862583
-4.99463722472521
-4.98286246559703
-5.01682925307042
-4.97262041354115
-4.99219501608735
-5.00197706078193
-4.98164171704201
-4.99317271563825
-4.99624755886284
-4.97709715408832
-4.99298754592724
-4.97487229124291
-4.98970829074559
-4.97372116328817
-5.02373813895137
-5.00978792182814
-4.98668324333492
-5.00758349797302
-4.99748849066368
-5.00578277822355
-4.99414860680613
-5.00783268047496
-5.00302245424316
-4.99874916197917
-4.98564446024873
-5.01167367209774
-4.9835556632923
-4.99920439052847
-4.98931614844635
-5.00818527701796
-4.97849378555936
-4.99368804998479
-4.98667157662957
-4.99860061029091
-5.00347905016894
-5.00587892939219
-5.00470095317512
-5.00582417293352
-4.99183529215153
-5.01478026082656
-4.99577848931861
-5.00477952879819
-5.01116790630714
-4.97094341538371
-5.01314285746966
-4.98113159340098
-4.99338117530691
-4.97922989347326
-4.99292163381841
-5.00860611144755
-4.99758015422395
-4.99739815461115
-4.99009395055278
-5.02501938006387
-5.00203495251649
-5.01309937575253
-4.98595948974497
-4.99040496725686
-5.01086478884958
-5.00284562402459
-5.00640773297619
-5.00771268208611
-4.98962244225514
-4.98584255433956
-4.99579466562948
-5.01316944795526
-5.00505006966663
-4.98383575255842
-5.00693976373467
-4.99023281428222
-5.0168191227142
-5.00577557717598
-4.9866143251538
-4.98868143882232
-5.00022487438832
