Force
-1.75634849374794
-1.76018119866446
-1.76471368015762
-1.75864502435908
-1.74007547465535
-1.7722591316586
-1.76843274097932
-1.75550482876551
-1.74680872354442
-1.76410854359707
-1.76063496982837
-1.76866316491025
-1.75729387260736
-2.14771769690521
-3.20090426585175
-3.54917448016162
-3.58529196792625
-4.23208437127806
-4.10296863765887
-4.07355954518349
-4.32068292760044
-4.67194976726965
-4.78237823309231
-4.56792781618978
-5.07818449307344
-5.40372399166223
-5.86392643678191
-6.40018321758962
-6.52759675013279
-6.66009968933822
-6.88691286828912
-7.26422248257895
-7.33227049430187
-7.49214846922321
-7.63215138415218
-7.73499251530398
-7.73905275417001
-7.79107815408291
-7.79724671620831
-7.84723838401468
-7.86706669480976
-7.82416435482733
-7.87537209601961
-7.87464627584658
-7.90103110215165
-7.92620271263115
-7.93450600145359
-7.95281021890672
-7.94056357607084
-7.95444598179068
-7.9846307929861
-7.94607055807786
-7.95940589328296
-7.96345148618001
-7.96028209759819
-7.97851809469505
-7.97665249782395
-7.97700114243261
-7.98304071218458
-7.9985878053701
-7.97379998818704
-7.96589762686201
-7.99627164507353
-7.97254458963591
-7.99174616368188
-7.95765875583249
0
0
0
-7.98990015348511
-8.0005542981676
-7.97499652447553
-7.97600119671918
-7.97829581147406
-8.00190729131931
-7.99514226383698
-7.98612691666589
-8.00723991321349
-7.964544501777
-7.95033657291901
-7.95797480730537
-7.95628657984803
-7.9831199729159
-7.97034972061098
-7.99741483086549
-7.98699351755449
-7.99028232257109
-8.0077867845317
-7.98784356934383
-8.01037383572448
-7.98599837703649
-8.01633167412226
-8.01027673886201
-7.99295070443718
-7.98396088839417
-8.0026399006331
-7.99947233330113
-7.98386373972831
-7.98847932466834
-7.95575651333061
0
-7.98478669878765
-7.96263567682704
-7.99014997200672
-7.99426677106107
-7.98686207017114
-8.01934794810988
-8.00427639309115
-7.98962501595852
-7.97273357461195
-7.96270560798906
-7.98652292321102
-8.00223390171015
-7.99440435263025
-7.98342720298428
-7.9858161412827
-7.98154744826063
-7.99847347802934
-7.99063572463325
-8.00278291657128
-7.98283266468561
-7.99747816451763
-8.00351836489246
-8.00547318934584
-8.02770052102364
-8.01145237731659
-8.00221883403708
-7.96829518702438
-7.99212981871036
-7.97405069161231
-7.99488245923278
-7.98961433101015
-7.99707052742743
-8.00684366003044
-7.98259809910664
-8.00579060383848
-7.9966136168753
-7.99392739662247
-8.01386133470406
-7.98746891055761
-7.99894258943568
-7.99014847236618
-7.96630111496119
-7.98839698721748
-7.97481747286295
-7.98319484228242
-7.98438200232268
-7.99653835602552
-7.97618058542539
-7.98669377691173
-7.98568927714157
-8.00355124323805
-8.00750398211262
-8.00763775899916
-8.00613391784175
-7.99269935165231
-7.99379903440995
-8.01659391772126
-7.96417694423382
-7.9772813494262
-7.99123884443517
-8.0123202610719
-8.00630170518919
-7.99501802176632
-8.00093042324004
-8.00352473120941
-7.98223676441026
-8.00990376474283
-8.00603707811515
-7.98826780769388
-7.98615817517056
-7.99303865901393
-7.98190511222706
-7.96422940870571
-7.99683411365698
-7.98826992263785
-7.99836344537392
-8.01331611466319
-8.01804554758337
-7.98142522290843
-8.01217793970164
-7.99513720144222
-8.00951246276686
-7.99846987849125
-8.01085498615582
-7.98171301202157
-8.02052630046438
-8.01479644440145
-7.99818682133466
-8.01879717738328
-7.99906431078852
-7.99187932564277
-8.01922794162896
-7.98095721771642
-8.00211819528625
-7.99653722350046
-8.01191764791859
-8.01175686915071
-7.98581230774766
-7.9871664222717
-7.98539132940844
-7.97831379573604
-7.99895882784254
-7.97204833491034
-7.97191964674943
-8.01323027358454
-7.9977658388253
-8.00887847240261
-7.98290667024701
-7.97489251847283
-7.9713134192269
-7.9718259126045
-8.02012038149551
-8.00646377079188
-7.9692254898711
-8.00612800022915
-7.97498459327417
-7.9924025546872
-7.99131324523978
-8.0201963221241
-8.00837244814828
-8.0145105025292
-8.00030097533208
-7.99763983356521
-7.99443579985248
-7.97796461419862
-7.98983141647629
-7.99150658038453
-7.99136650728872
-7.98984184175017
-7.98954850665704
-7.99524971315633
-8.01134439981804
-7.99408498174469
-7.9841515389308
-7.95451984780096
-7.99845429949167
-7.98294099050136
-7.97296939472099
-7.99955676521285
-7.98661712243714
-7.99306930278059
-8.00413078233185
-8.00625352538986
-7.9876489387068
-8.01528960551018
-7.97832168754069
-7.99300161020118
-7.96569524486283
-7.98423340051229
-7.99276638662689
-7.9847789158834
-7.96515267377197
-7.99671945506754
-7.98587119745444
-8.00178886808452
-8.01454243688655
-7.97926086476789
-8.00698859750395
-8.01622853734079
-7.9914095079087
-8.00866149894153
-7.96462085238554
-7.99008890223702
-7.97074819736146
-7.98691914071585
-7.98945342555289
-7.99920075307825
-7.9852708944032
-7.98874675852346
-7.98814325601153
-7.99555160521256
-8.0063568875547
-7.99858175310054
-7.99480015449606
-8.00083017152211
-7.98893149784083
-8.02679427637813
-7.99544123152999
-8.03118606670321
-8.00032342408924
