Force
-1.68334234156467
-1.69318731521926
-1.69968218388588
-1.68618886283797
-1.70898986071469
-1.68740531285556
-0.688903344615251
-2.64178744856821
-3.07105785312877
-3.46236568912079
-3.59664032765475
-3.78644742791259
-3.76887495497843
-3.94291358116988
-3.80125140897491
-3.95948698155397
-4.12081197319551
-4.07221150205357
-3.92972839971869
-4.24019232271025
-4.30236815662524
-4.39333769148579
-4.17697718226092
-4.21888586236367
-4.45100805349403
-4.34298646825814
-4.54932776825901
-4.746630554707
-4.79062706793066
-4.97114252223578
-5.10489310960536
-5.16527325018455
-5.38609550396705
-5.52114414883679
-5.49936893913964
-5.61980228772583
-5.64158109898389
-5.69898918945895
-5.82115698170018
-5.78604836755238
-5.87253204591957
-5.89621267151268
-5.81786299114637
-5.90086946674409
-5.90394431836858
-5.93751511164753
-5.93539833248236
-5.91827513897676
-5.9221931507558
-5.93266176416466
-5.92503612726685
-5.9368714955332
-5.92858729676212
-5.93566719136346
-5.94035261436475
-5.95793270429874
-5.93830380721842
-5.95451991061053
-5.95070726737611
-5.95707474171738
-5.98090532932715
-5.94480481320646
-5.99468138827542
-5.97016694786241
-5.95537893664095
-5.99779245037475
-5.96245647496685
-5.97910286004553
-5.99297638407085
-5.96122639649081
-6.00807378542723
-5.94694650173604
-5.98971602884436
-5.9941696817809
-5.98593840051752
-5.97440213339706
-5.94977086535373
-5.96174897969974
-5.97779947840184
-5.94891460569092
-5.95930921711163
-5.96290569826408
-5.96188570668683
-5.96423828378926
-5.93873932520671
-5.96150195553491
-5.96818029619243
-5.97898655538854
-5.96917204178853
-6.00673756007643
-5.97655551307077
-5.92744358411427
-6.01095728745212
-5.97460385697607
-6.01808721888328
-5.99510326560792
-5.98448277826345
-5.9865161498561
-5.962795402485
-5.9925972620593
-5.99726772870435
-5.98090396581316
-5.98608515381197
-5.95128602484835
-5.97303668754932
-5.98083514522209
-5.98679635027072
-5.99477741690596
-6.00535012213574
-5.96210528115079
-5.97339175765762
-5.96529568326967
-5.96337240807259
-5.95674230303225
-5.97481143985191
-5.97032364185995
-6.01408295072393
-5.96796573597707
-5.98069397547346
-5.98205868035713
-5.9991001904336
-6.00169903059838
-5.95868390914952
-5.97543227456083
-5.99127135791911
-5.98867231316906
-6.02422250727408
-5.97262044828306
-5.98859355942337
-5.98584906942387
-5.99381326582588
-5.97255558569764
-5.98434456652076
-5.98001794051257
-5.98766739335283
-5.95506181816299
-5.99309308307409
-5.9676255746527
-5.97031055182414
-5.97611989410496
-5.97062763780256
-5.98530311502233
-5.97488743999907
-5.99311781883906
-5.99214204379488
-5.97728102318729
-5.99804618683985
-5.99843197874712
-5.98508953774042
-5.97201907358817
-5.97959172114952
-6.00422182311806
-6.03098733950968
-6.00647893860911
-5.94836276614973
-5.96053966063035
-5.97438241623652
-5.95093969185398
-5.99188119920923
-6.027551921706
-6.00586386348048
-5.97355645711077
-5.96325007304756
-5.98368631153559
-5.99639483241554
-5.98726599130202
-6.02423375151379
-5.97999785416027
-6.01593729113903
-5.9929419741297
-5.98313483086095
-5.98622070855086
-6.00302972867389
-5.99969265332636
-6.00953172862467
-6.01887299740461
-5.97814121560871
-5.96874923621138
-5.96457341988954
-5.98641323244667
-5.98979138897962
-5.97442779788846
-5.99432169805281
-6.01096492389561
-6.01477095078537
-5.96848753231053
-5.97928407995674
-6.0019803157272
-5.99112043792324
-5.98082468346301
-6.01560869337348
-5.97654181429527
-6.00225004315896
-5.99897949996768
-6.00069596193845
-6.02114793325002
-5.96246431222115
-6.03318295075769
-5.9977871478093
-5.97968164545518
-6.01788916540144
0
0
0
0
0
0
-6.02077097107818
-6.00010733750871
-6.00783358968969
-5.98564047099919
-5.99570553589216
-5.99139337406927
-5.99560722748799
-6.00309702849857
-5.99652128733819
-6.00739644109502
-6.01520080306734
-5.97600673362143
-6.01282869319906
-5.97839552761294
-6.00455395669444
-6.00692154364936
-6.0008836091917
-6.02105572239025
-6.00065952694745
-5.99945750411819
-5.99612036185077
-5.97505497892674
-6.00895033534635
-5.97726035132084
-6.00989436433183
-5.98518894964367
-6.01557835491596
-6.00616324298883
-6.00240963070757
-5.99664673936228
-5.97545571985315
-5.97686220886199
-5.9737597090698
-5.9840428758475
-6.0023238815393
-5.97134664331152
-6.00373849525899
-5.9832430358214
-5.98806133383327
-6.01451987539369
-5.97877165730129
-6.045211187487
-5.98925020384623
-5.99761060400114
-5.99855591064295
-5.9949586023279
-5.99622505364347
-5.99324805903728
-5.99297794428082
-5.99200287523324
-6.00609394121829
-5.99365415866175
-5.9879270961295
-6.00144136614459
-5.99188673791813
-5.99691556009956
-6.00366961873029
-5.96697589534347
-5.99986151232125
-5.97231316581866
-5.98862700023772
-5.99417393801899
-5.95458188405923
-6.00891333034303
-6.01582582244434
-6.02576295476827
-6.02867463758685
-5.98050672339114
-6.01022269015037
-5.96476334886247
-5.96644961491842
-5.97377571046584
-5.98948655071326
-6.01246640987342
-6.01231282875381
-6.0072508491382
-6.01132360457736
