Force
-1.76538030572625
-2.75707832336102
0
-3.37526729843529
-3.45793407812659
-3.77522382780542
-3.89498807907583
0
0
-3.8853874143083
-4.06372437882915
-4.21964314005422
-4.31963945945458
-4.32016797681594
-4.18060339759318
-4.43611558831426
-4.42492690406192
-4.49847725927356
-4.42036179009249
-4.51792021242642
-4.89781333331371
-5.08416652496906
-5.33965679729191
-5.33260082760603
-5.72243267825516
-5.66424961665685
-6.14414126110364
0
-6.21273883124424
-6.60201563369338
0
0
-6.66616197806677
-6.7256408144577
-6.7549791065866
-6.84242479891642
0
-6.88927494508755
0
-6.91621146156548
-6.91014963980289
-6.95339186507707
-6.89371579707572
-6.93364751109547
-6.92102036902358
-6.93608448059692
0
0
-6.97076187399506
-6.96496973616336
-6.94462209321314
-6.97148148916398
-6.90846846623951
-6.94604726172682
-6.91538058629447
-6.95339336761162
-6.99903300580292
-6.95924003181136
0
-6.98491922810172
-6.99161522073321
-7.01039159043119
-7.01500683767491
-6.99358399121073
-7.00729714844609
0
-7.00400640002706
-6.97431300534603
-6.99513649327429
-6.99941733208721
-6.97631449506216
-6.98386340121861
-6.9903750249461
-6.98829471947479
-6.95822690081995
-7.0150698235889
-6.97987943167045
-6.98515934681524
-6.99928841203297
-6.96910704142323
-6.98091061849528
-6.99913244959331
-6.97400438476069
0
0
0
-6.98357132160314
-6.98437964311165
0
-6.96890885140223
-7.00788041549549
-6.99989207018757
-6.98444377115644
-7.01966658936952
-7.00176972332023
-6.99771283628459
-6.98046151466462
-7.02865665607559
0
0
0
0
0
0
0
-6.99141914786501
0
0
-7.00580039406331
-6.98858466605239
0
0
0
0
0
0
0
0
0
0
0
0
0
-6.9861230242032
-6.96984361168394
-7.00475582852963
-6.98615321889298
-6.98860370505745
-6.97354393515695
-6.97742545407649
-6.99445504577436
-7.00304031617056
-6.98256857920875
-6.9614214474912
-7.01273415893265
-6.97536747814386
-6.99151744211115
0
-6.97326869997107
-7.02356819586967
-6.99392352217572
-7.00915222039325
-6.99445127855882
-6.98357593466153
-6.99197978221896
-6.95361394023085
-6.99011985755226
-7.00072730800323
-6.99577127019923
-6.98593389524703
-7.00777520794374
-6.99390804736026
-6.98901056227835
-6.98429602034194
-6.98588367979529
-7.00350241959522
-7.00700302327154
-6.97361199913567
-6.98849241099248
-6.97093201658928
-6.983122475021
-7.01790974239066
-7.02316298829062
0
-7.04976036002076
-6.9994695043384
-7.02659675568088
-6.97303589286712
-6.9924078574058
-6.98986892041207
-6.96664446542105
-6.98707587908793
-6.99853976367747
-6.96387906042444
-6.99965264527554
0
0
0
0
0
0
0
-6.95038391524104
-7.0043098768984
-6.99903616644088
-7.0008844169379
-6.97864123361424
-6.97149463613753
-7.00027881135888
-7.00896517161149
0
-6.97325609934869
-7.0446440082927
-7.00669527127152
-6.98487964274061
-7.02009030627336
-6.99851830965378
-7.01370510003775
-6.98309515916446
0
-7.00803288615951
-6.97033003197863
-7.00799053174076
-6.97931418471798
-6.9807773728361
-6.99106083634561
0
0
-7.03691136038398
-7.00524026690629
-7.00832069157112
0
-7.00121448499831
-6.98048745572967
-6.99080186735562
-6.98511849960316
-6.97252611981809
-7.01349229379859
-6.99942830961597
-6.97394513218993
-7.01797286312194
-7.02043968961346
-7.01198074434147
-6.98614608845057
-7.01040098522318
-7.01299935006425
-6.98528983541458
-6.99974792807034
-6.99856881422461
-6.96962317366701
-7.02534786987154
-7.01093950869745
-7.00293453932974
-6.9963279406197
-6.99355285671901
-6.98789220933566
-6.97192904038486
-7.01759659319443
-7.01615743264113
0
-7.01058499635624
0
-6.99286796622652
0
-6.98498923370373
-6.97507346775265
-6.98412604623629
-6.99831883114381
-6.9832697079637
-7.01420012596945
0
0
0
0
0
0
-7.00492067903331
0
-7.01621753248949
-7.02289372583862
-6.97859388728651
-6.99785583638634
-6.99569605990373
-6.98205860392099
-6.99126960112529
-6.9965377010754
-7.00461846310316
-7.00131676346165
-6.98875788026547
-6.99932251409369
-6.99420779416666
-6.99730450087061
-6.9879831063229
-7.00602675201692
-7.0052966938738
-7.01889220295756
-7.0049736702094
-6.9871273039221
-7.00582201542481
-6.95722976491176
-6.98988908154993
-6.98054627682736
-6.98282479154385
-6.9741093525268
