Force
-1.58160437478727
-1.57456583470411
-1.57627878114073
-1.57180535099791
-1.57255717678207
-1.58303259107329
-1.58405528845607
-0.976450083606922
-2.15814775008805
-2.87205382065188
-3.13475980236421
-3.73330778240304
-3.91427738948386
-4.02838426398022
-3.870552831624
-3.87413807637495
-4.07826391804983
-4.13969847291134
-4.17891015209038
-4.2354681669862
-4.35198600084727
-4.41618711169624
-4.44607787831605
-4.47859995500649
-4.39193332821764
-4.88027664765452
-5.05003779572453
0
0
0
0
-5.06605683946706
-5.09519184517683
-5.15535436650076
-5.20430219802977
-5.37863730410464
-5.40165275675153
-5.49639727435503
-5.61398912215713
-5.70621269577205
-5.74312671442324
-5.80920068290783
-5.76456121972682
-5.82258265410385
-5.86875825574508
-5.83941197776336
-5.90731318202598
-5.88977228750723
-5.91749672857309
-5.90677161521517
-5.91673342113296
-5.93539128133858
-5.91968341563988
-5.95315528834678
-5.95672762054433
-5.94085475992182
-5.96744486982074
-5.91970995372121
-5.94532305644098
-5.95510601229843
-5.94214427897177
-5.99234898823979
-5.94929702985747
-5.96654296403665
-5.98106968111696
-5.9910763012216
-5.96836067214651
-5.99655738591902
-5.97973741571298
-5.9692900332037
-5.98125715725186
-5.96622222777552
-5.96196263857993
-5.9959689493356
-5.95227387714927
-5.9879848523356
-5.99669934550752
-5.97275858967602
-5.98957311042321
-5.97698525923913
-5.97635798805268
-5.96397458450135
-5.97536644842244
-5.98401589998666
-5.93249244355373
-5.99159011905866
-5.96022336228634
-5.98201477864853
-5.97960404700326
-5.9682953269383
-5.98873184990987
-5.96468117861614
-5.93788989736449
-5.98115939779858
-5.96855451380016
-5.97266113885557
-5.9857740191628
-5.96534607851671
-5.99003218304699
-5.97487116291306
-5.9877416226492
-5.95129437235731
-5.9856397376841
-6.00303377062842
-5.94203249386031
-6.02033721213838
-5.96207783414228
-6.00405413765756
-5.99301791757729
-6.01644831218312
-6.02363420532107
-5.99787785035008
-6.00690281035437
-5.98426880880623
-6.00582588844016
-6.0455987404359
-6.00171415109771
-5.99758273665174
-5.98636007019128
-5.96943792064931
-5.9747079684483
-5.9731721784561
-5.98446546275756
-5.9877071563771
-5.98523274627427
-6.02876671952607
-6.00354928429904
-6.01283194695407
-5.99507682578376
-5.99729773715376
-6.00162844779703
-6.01582461105672
-5.98246868428187
-5.97890481613648
-6.00411021362928
-5.98177434676768
-5.99326133434903
-5.99939159543099
-5.98675285529598
-5.9966063239341
0
0
-6.00567284677043
0
0
-5.99508346957891
-5.98629944716165
-5.98864701037643
0
-5.98890018753107
-5.99170173466139
0
0
-5.9854075230881
-5.9945874838394
-6.01172718393065
0
-6.02756085399157
-5.9990558074547
-6.01276336215215
-5.99549278460059
-5.98718106843291
-5.98350609591783
-5.96859933380601
-6.00273966211179
-5.96333434375178
-5.99355697762833
-5.98538343075145
-5.98442110523506
-5.97361700470918
-5.97392543433366
-6.00750601083694
-5.97142254041581
-6.00209169883113
-6.01005996902915
-6.00328688429361
-6.0250362357152
-5.99413938760868
-6.01447720566252
-5.98675067976587
-5.99161681905616
-6.00087537832233
-5.97994324150079
-6.00335498804386
-6.00125658862074
-6.01140018700188
-6.01030542814915
-5.98713754747435
-5.99060257968564
-5.9991971992637
-6.01673797010316
-5.99860116046704
-5.98272616893452
-6.00345851411387
-6.0051305487256
-5.98377315061014
-5.99458398745402
-6.00270399058276
-5.9707136347749
-5.9975243378418
-6.00738957805994
-5.99574808457125
-6.01762022211224
-6.01121616942225
-6.00019204212076
-6.0080578823957
-5.96794190566466
-5.99645439014791
-6.018120451005
-5.98782889628559
-6.01608772413936
-5.9788227626407
-6.03086566671973
-6.00849542139185
-6.0262923005827
-6.00075754699427
-5.98745509558855
-5.98613065300635
-6.01171953962703
-5.99614570472218
-6.00101281372338
-5.99389403870772
-6.00615523682456
-5.98141572456223
-6.00912113477411
-6.00119434679443
-5.99877532626758
-6.00013908183352
-5.99568376360375
-5.99575213917285
-6.00855300793037
-5.99186932263881
-6.00699498643427
-5.98847557943157
-6.00135417658293
-5.98491688834571
-5.99096437140771
-5.99839712262618
-5.99655441348901
-6.01775720510187
-6.00234796384127
-6.01063994039028
-5.99723374990185
-6.00411838510936
-6.00226726506783
-6.00913490840772
-6.01935660328854
0
-6.00234616614895
-5.98581166090137
-5.99364076648222
-5.9915879327791
-5.99309133341394
-5.99342412489215
-6.00578968743955
