Force
-1.76040863223045
-1.76014900397199
-1.77410500791634
-1.75803329861221
-1.76692181749083
-1.76758690663161
-0.775311394189008
-2.75405997267017
-3.11657052711596
-3.24930616063818
-3.31882503793246
-3.38536958532208
-3.69432156102588
-3.56344106864408
-3.91985562982742
-4.01387335699794
-4.14684882258987
-4.20762209915001
-4.05977320964656
-3.91183161735162
-4.00699842556451
-4.04828594330142
-4.08709239291985
-4.39052025201154
-4.5515014752296
-4.60212250881869
-4.7593098024781
-4.80477189596162
-4.894728832996
-5.06975606215947
-5.21511667876824
-5.25731324987707
-5.3744624600541
-5.51022668270443
-5.56158694141547
-5.58750720294948
-5.67217483273007
-5.7325579164739
-5.84175857993139
-5.81623157262765
-5.83218090875902
-5.86353899219596
-5.84736980621225
-5.91618663813006
-5.9076108923322
-5.93044467568355
-5.9108482394724
-5.91513590982033
-5.92926801532216
-5.93215214271957
-5.96543641901007
-5.96343170714791
-5.97194249112517
-5.97384083066298
-5.96278385858661
-5.96974942289108
-5.97736490085119
-5.95718374907701
-5.99527113584007
-5.96529012681031
-5.99860786270821
-5.99707616629925
-5.92559164421292
0
-5.93458064629986
-5.96619384817778
-5.96402139723027
-5.94785026723167
-5.95408198857671
-5.96164836117369
-5.98808048910667
-6.0014641084885
0
0
-6.00242475960245
-5.98343186161594
-5.99653805787224
-5.97871804356206
-6.01973704971218
-5.99389637559987
-5.97971276798929
-5.97989450136544
-5.98519830413626
-6.00000464816698
-5.98339524924777
-5.99236622534712
-5.96684106240875
-6.00424578582365
-5.97733426470456
-6.00197360427197
-5.98187616782733
-5.99410679102027
-5.99681785851756
-5.98410419230223
-5.97379671396926
-5.99924390502556
-6.00736856549447
-6.00875680756636
-5.98104177295342
-5.99523504657812
-5.94028974520604
-5.99415204213725
-5.98130749361812
-5.97785134771406
-5.96042435161952
-5.98356520280537
-5.98900418593726
-5.98788789740056
-5.97564203353454
-5.9964754683969
-6.00420998943868
-5.97945648469126
-6.00350056209781
-6.00994410565982
-6.01734762829606
-5.96055001698251
-5.97282968239653
-5.99626254494599
-5.97031718396613
0
-5.99173904559592
-5.99269571471051
-5.99259741981408
-6.02054487596884
-5.99482863914079
-5.96920336818772
-5.98770958405144
-5.98953617036828
-5.99490793808658
-6.01286770815614
-5.99507034664138
-6.00223708769714
-5.97488568096951
-5.97726309297713
-6.00618378073419
-5.9845872547437
-5.99951449428012
-5.99822714194436
-5.98601582955598
-5.99508447255323
-5.99744649993372
-6.00042231534501
-6.00641711025458
-6.01223634923377
-6.01372882762145
-6.02817513357473
-6.01425682208159
-5.99278710594078
-6.00650862964574
-5.96838049387909
-5.98406240537884
-6.00081952694815
-5.97136638316685
-5.98247621652202
-5.96860707813469
-6.0211748270442
-5.96200089370361
-5.99030262700504
-6.01010708043922
-5.97858099269974
-6.00171783379055
-5.99389700908418
-5.9979917515997
-5.97732493895579
-6.01406888348386
-6.03329110360467
-5.99641164106999
-6.00621139159598
-6.02197142496009
-5.98691106841466
-5.9976947679663
-5.99581896301649
-5.9937354994358
-6.02836643909034
-5.98089154801596
-5.98798027688354
-5.98345974308286
-6.00168590006043
-5.98259071982806
-5.98625687086963
-5.99481346018438
-5.98955073173199
-6.00557968423436
-5.97646198637231
-5.99384948608975
-6.00244269775341
-5.98348407800061
-6.00615814725167
-6.02359990983147
-5.99080892237822
-5.99861324867412
-5.97310470735245
-5.98901148533468
-5.99406446698448
-5.96921679429779
-6.01089017972808
-5.97226326722027
-6.00452125439167
-5.96747318955294
-6.00086313899448
-6.0130446253042
-5.97781746709538
-6.0287042011414
-5.97833238268864
-5.9969135463344
-5.99186126365587
-5.98097052474647
-5.99258670592659
-5.97417438991533
-6.00841151337596
-5.97096856351093
-5.9878573867362
-5.99026703728126
-5.98956439469393
-5.98508639608542
-5.98603920351792
-5.99605708449521
-6.00927467048642
-5.99349888927311
-6.01289994507099
-5.98608140450177
-6.00478255643308
-6.02374961103571
-5.98113886344457
-6.00915342100162
0
-5.98753951241094
0
0
0
0
0
0
0
0
-5.99387060706943
-6.00192217649744
-5.97585510364771
-5.98767992615945
-6.01644686476728
-5.96290408020377
-6.01732242007819
-5.96839482524236
-6.00611455789432
-5.99898228086251
-5.99934786176604
-5.99590160900159
-5.98435579332412
-5.98792565951434
-6.02013942008509
-5.97732799472784
-6.00243541925626
-5.99162595242527
-5.97888164726664
-6.00336588992567
-6.01340899263179
0
0
0
-6.00363733349956
0
-5.98250494142366
0
0
0
0
0
-5.99691827269844
-5.99018808881705
0
0
0
0
0
-6.00862733532792
-6.02300830636226
-5.98477662676175
