Force
-1.35386259048434
-1.35480033466944
-1.34446403574439
-1.34480751371618
-1.35018152008054
-1.40202938807017
-1.9336079844021
-2.77790980262548
-3.22859852069909
-3.41363664025498
-3.74655515922699
-3.87373333553817
-4.07633955238043
-4.09288648571719
-3.88870715940389
-3.99395010155877
-4.03728632494616
-4.18817872598804
-4.2862778820108
-4.31596098208646
-4.45604926673307
-4.29162917287085
-4.45542266726035
-4.58889722198982
-4.60997552183176
-4.77827135963121
-4.9818794566886
-5.16524966582014
-5.25785352324474
-5.33234851463783
-5.38706276180244
-5.47080516501307
-5.47427789996643
-5.47170680688002
-5.6039334847341
-5.67091205707415
-5.63738175551534
-5.76090647635855
-5.78278127995458
-5.86343551358896
-5.89806072086648
-5.87371593844395
-5.9441961319987
-5.90853941930807
-5.89225816377963
-5.93840975553257
-5.91661718771484
-5.98055588381787
-5.96204061996858
0
0
0
-5.96308014243587
-5.94877102968393
-5.95692272718066
-5.95457124898201
-5.98689180349886
-5.95012825775719
-5.95195567931941
-5.96180153872058
-5.96359658382904
-5.9765579778366
-5.9806535284298
-5.96856965961495
-5.99701260885188
-5.96098985985514
-5.99441899873568
-6.0064113325895
-5.99224986308381
-5.9982229196374
-5.95632142748177
-5.99587140024374
-5.98439530369614
-6.00379966629253
-6.00556899108301
-5.98375759532889
-6.00186971753689
-5.99959506866059
-5.99848323942402
-6.01844390938109
-6.01590919215016
-5.99403141210911
-5.9778201987095
-5.98130197614436
-5.98671928634335
-5.95303247197134
-5.97439024918986
-5.98543390511767
-5.99108379122627
-5.98453481421131
-5.99491951844508
-5.97076093851735
-5.98099674187723
-5.9728320336911
-5.98706594294736
-5.95819514994744
-5.97556224059888
-5.98405940408938
-5.98412881379282
-5.99916305506577
-5.98311133588489
-6.01414960531617
-5.98552775484196
-6.0005651688076
-5.9564233671531
-5.96084882063945
-5.96702097328078
-5.94467933688904
-5.98098865724422
-5.97585950247107
-5.97842551332885
-5.97603514714786
-5.96294512548347
-5.96723426893335
-5.96725411455331
-5.96422490065678
-5.97289891918346
-5.98314326807401
-5.98294444985901
-5.99482123640201
-5.99792956653679
-5.95255041585471
-5.95333488736245
-5.98966842653229
-5.97756317312378
-5.99672805767156
-5.96268885799766
-5.99601015891543
-5.97832004093828
-5.95716000500518
-5.96568484425187
-5.9787380119921
-5.99183119063671
-5.98960157626539
-5.97231937085231
-5.98821017306849
-5.99064708065968
-6.02522245199587
-6.00079530182833
-5.97104491142433
-5.97226634490559
-5.99052459711156
-5.97594346458541
-5.99536952813229
-5.98645900693743
-6.0093699039213
-5.97088894617703
-5.98245062373761
-6.0032640302327
-5.98205009963881
-6.01605021017745
-6.0022989201222
-5.99674776170766
-5.98811112698757
-5.99767554868998
-5.99109413366101
-5.98979667015443
-6.01784280281304
-6.00834096459909
-5.98155948515994
-5.98019340691561
-5.98997322788685
-6.00871052514658
-5.97280786044205
-5.99769290401454
-6.01488940298858
-6.00622797085513
-6.00810299162141
-5.97409805951511
-5.97946920883191
-5.97426359076921
-5.97791194123983
-5.97881134047825
-5.97472500218539
-5.99152037185361
-6.00827134328305
-6.0018364432694
-5.98385982863046
-5.97515958998334
-5.9844604967166
-5.97818351887871
-5.98209922077597
-5.99967691068531
-5.99331671889842
-5.98663532709859
-5.98396048826106
-6.01739871208351
-6.01850520201744
-5.97289962066394
-6.01131914049417
-6.00394104378309
-6.02614863151361
-5.99269930532955
-6.00081971763685
-5.99946577979005
-5.98002426112855
-6.02248254480482
-5.97279668498799
-5.97397474656247
-6.00152105196165
-5.98982958095925
-6.00478257000631
-5.99207675653154
-5.99550108273054
-6.02141444136327
-6.00377315758249
-5.99965561202532
-6.00188546840603
-5.99198853487007
-6.00085942418997
-5.98236187672604
-6.00083735408288
-6.00077987960614
-5.99455000421916
-5.98795009864998
-5.99843607176041
-5.98801496894126
-5.98126003290506
-6.01782917133738
-5.96596797818422
-5.98372310697397
-5.98786874177184
-5.97988149003884
-5.98532380793567
-6.00945492186622
-5.98974716926358
-6.01641010504342
-5.97521731843533
-5.98768553381353
-5.97450378558751
-5.99337798993337
-6.01367362526285
-5.97121245344068
-5.97347003670921
-5.98499061368443
-5.99521370378496
-6.00993156749196
-6.00106640034707
-6.00984159787885
-5.98918989763803
-6.00496182302793
-5.99334901542102
-5.98299762933289
-5.99067928306386
-5.98401627868896
-5.99366937566868
-5.98027188544223
-5.99651930135373
-5.99623494609724
-5.99535577972226
-6.00952493971077
-6.01784388811558
-5.9869960402224
-6.00630898541953
-5.99180402948634
-6.0160974286955
-5.98243436999372
-5.965783999611
-6.00326376244825
-5.98048455459323
-6.01230819617885
-6.00882517126708
0
-5.99186175912932
-5.9888992960898
0
0
0
0
-6.00111100597295
-5.99877245331093
-5.98309687521721
-6.00209971471901
-5.99419096518677
-5.97288047891435
-5.99003788361554
-5.99256425290969
-6.00305474232525
-6.01278393228804
-6.02224562717873
-6.00191321926205
-5.99692995042943
-6.009360643293
-5.99505953678981
