Force
-1.47736571018074
-1.47956271581471
-1.4708195650853
-1.48463536688133
-1.47748419247734
-1.48709281335877
-1.47911594159876
-1.18613565752483
-1.4200474215286
-2.28533569987673
-2.90169880336691
-3.08370756620576
-3.191998504865
-3.25070953737491
-3.30884150389044
-3.30774914360123
-3.48542288786239
-3.47756829722888
-3.53508761250528
-3.58911133283369
-3.76242293940786
-3.65931000801509
-3.7561886436385
-3.64520425624832
-3.60441310044239
-3.73041270236723
-3.61709136989258
-3.67086783914294
-3.69707867028673
-3.84421658719519
-3.73371642139813
-3.80979144566635
-3.83621593423115
-3.80357725284575
-3.87596976873589
-3.79548620043672
-3.77855456846847
-4.00764920060175
-3.78831102199341
-3.85790298566411
-3.89856770785057
-3.84410088934758
-3.9032625354298
-4.0404771190429
-4.01369073477198
-4.01539070160338
-4.05758701671398
-4.08358393830951
-4.20627479729241
-4.09220848505127
-4.12689176799002
-4.13428911112262
-4.12197603411118
-4.11605988697652
-3.96723903254595
-3.97846473395017
-3.92779486297476
-3.80977452273033
-3.97445564510416
-3.97911851519818
-4.04914437827719
-4.10187375588228
-4.16556942641965
-4.20459560559266
-4.18642170078383
-4.23511510383049
-4.23566501848838
-4.25756282232685
-4.32264001807927
-4.37896032443286
-4.34603198198975
-4.37839851595871
0
-4.37457372898304
-4.34646245011149
-4.41795066952544
-4.41369489364885
-4.43622243769117
-4.40074673923856
-4.45864719184622
-4.42985341536808
-4.44099051844596
-4.45610761982834
-4.44292176500799
-4.45426522901632
-4.45151231451342
-4.47232260029912
-4.44152847142517
-4.45826429748463
-4.47195675045156
-4.45584065605824
-4.46646524970588
-4.48044511420641
-4.49116716946387
-4.47395635756105
-4.46960627367556
-4.4645898764173
-4.4848196655727
-4.45083856464541
-4.49122510032747
-4.49677128575126
-4.48863448637063
-4.47526160647202
-4.45021866676788
-4.49764480226501
-4.47187879232904
-4.48977360991959
-4.51473689611335
-4.53567896996227
-4.48614338972867
-4.4626397455086
-4.45134409412505
-4.49002694061837
-4.48195735636829
-4.50592899857273
-4.51690540180476
-4.4800108643737
-4.47551911697101
-4.46400952888847
-4.4870308505595
-4.47009066485385
-4.49538350858725
-4.50160505273607
-4.54621143461078
-4.48674140616687
-4.46740109785516
-4.49663926755367
-4.47391126094334
-4.49599243449485
-4.4980862085907
-4.49846584717783
-4.57894805284852
-4.44792613419656
-4.45668280183112
-4.47477244607169
-4.47887094827832
-4.52218879393521
-4.49153140618096
-4.49563590697272
-4.50231368040704
-4.46199395744275
-4.51272472122193
-4.46554629508203
-4.48957584975913
-4.45511956091603
-4.44459591999793
-4.4736161494837
-4.48373410628958
-4.47551657874163
-4.49988557734201
-4.48878568365237
-4.49584180693573
-4.5027558446748
-4.51912530058499
-4.46159406040082
-4.55066297904853
-4.51106083191034
-4.47714338370827
0
-4.47021779529274
-4.45154585518638
-4.47558173037062
-4.49745142474769
-4.52027264918135
-4.4908818816366
-4.5174520201611
-4.49998043615852
-4.48208747089876
-4.47031385129784
-4.49656109075706
-4.47851836119594
-4.46297998738962
-4.46298214317425
-4.48848051099762
-4.51271977755406
-4.50338228270645
-4.47351426557345
-4.49879780158456
-4.51878444712257
-4.48006729048004
-4.4917243607884
-4.48620625395737
-4.49746134800747
-4.47905291634159
-4.47614077188426
-4.47395429976809
-4.50216414657475
-4.5078307812914
-4.50171436623999
-4.46103221403349
-4.50323518305747
-4.4461324610944
-4.5075045522499
-4.4856817533437
-4.49350194213679
-4.50659396198341
-4.49839993596126
-4.50105638311024
-4.46887975214807
-4.47713118661484
-4.5049017406031
-4.48931878631148
-4.50128020527487
-4.48668712677033
-4.4644296565013
-4.49698086938169
-4.50607858019842
-4.51084512382996
-4.50590858359358
-4.49478823405986
-4.49246014487873
-4.48459786520064
-4.4981214795432
-4.46903494590795
-4.4931478363139
-4.46724576707906
-4.4983621997582
-4.50264608157781
-4.50527267565727
-4.50995127572943
-4.48330294675831
-4.50525971326105
-4.48508549381666
-4.49980047218517
-4.51965938196801
-4.49789983370581
-4.46628558772006
-4.47850020920139
-4.49588873120972
-4.48821122454343
-4.48655880300275
-4.4843724011375
-4.50874982367293
-4.4898073991087
-4.49867162627142
-4.4894782850611
-4.48532521996199
-4.50496652195423
-4.49486054949159
-4.51338228571045
-4.50584411477846
-4.50819917785821
-4.49233832039761
-4.48203801930257
-4.48958656621966
-4.47492614478823
-4.49585888288687
-4.4683927674928
-4.51670239886996
-4.48378291474346
-4.49302440575706
-4.52135364102959
-4.48993469954334
-4.47593841685279
-4.48506077775496
-4.46980387666709
-4.50062497585551
-4.45892111054444
-4.48922015739181
-4.48107497711164
-4.48224289088974
-4.50609083077993
-4.49150732700229
-4.51550636468626
-4.49117836432901
-4.50794323810179
-4.51855973994641
-4.49797041124153
-4.50219413234685
-4.50079815777302
-4.52621770353191
-4.50738837181928
-4.51005748578384
-4.48577920951438
-4.47478403505971
-4.49886733622961
-4.47830962355472
-4.47544320167143
-4.50059772587412
-4.47322370312535
-4.50387815830573
-4.49930853142311
