Force
-1.71522582386512
-1.71545734358907
-1.71426855431542
-1.7201274714326
-1.726281561623
-1.73587905989058
-1.32512244447501
-2.47176879511593
-2.80291438969365
-3.033946521407
-3.30961530941437
-3.51913321251096
-3.64467343201116
-3.58786427106402
-3.59646772168289
-3.96440491008866
0
-4.05425304684689
0
-4.02007771350137
-4.03933502426768
-3.89310301619888
-3.8708558456447
-3.89055587614261
-3.81292256573003
-3.97846327491521
-4.04121874298541
-4.00819043786356
-3.97387529833295
-4.12555783161877
-4.02108470789907
-4.15569882353544
-4.11331371508928
-4.28395049890226
-4.23269372975316
-4.30067099165084
-4.42635843236634
-4.43930866919842
-4.39053911408693
-4.45239204660177
-4.50154498328274
-4.43025328795203
-4.50147237396055
-4.50253358017357
-4.46782153921676
-4.546556938351
-4.56701108863376
-4.5216967113147
-4.62628809372992
-4.64168854896539
-4.70867175271944
-4.75346726680382
-4.78915222752765
-4.82503026844918
-4.81200226582027
-4.84180354517436
-4.88821648115809
-4.89582922001355
-4.91682566661384
-4.90201589820658
-4.92063650509152
-4.95360255861904
-4.93173796255013
-4.95460992298733
-4.92218185441238
0
-4.94507094368622
-4.92487458809866
-4.93489246171166
-4.96874567551915
-4.92861633279643
-4.979006010776
-4.9548546838878
-4.96764367007655
-4.97084291117302
-4.97261015516808
-5.01266854520873
-4.96596125898086
-4.99695473264288
-4.99158617966006
-4.96510703837661
-4.95950976207876
-4.9515805802537
-4.98044969243759
-4.95068070399565
-5.00566027421348
-4.98908465425269
-4.98607297553127
-4.97162535468243
-4.97848330926162
-4.98984615441946
-4.98488188269701
-4.96760795927284
-4.9999761779545
-4.96758053093302
-4.99799180521416
-4.98475811455491
-5.00085069656436
-4.99240505260729
-4.98444966747927
-4.99034539613076
-5.01410056257619
-5.01835520362852
-5.01809299635187
-5.01105699603612
-5.0045836693731
-4.9711932328489
-4.9763466402415
-5.01904919919807
-4.985404617296
-4.98846764614694
-4.9873025850423
-4.99620248805717
-4.99361469008312
-4.9724498551512
-4.98757727029501
-5.00991615742082
-4.99336163755538
-4.9837674183642
-4.97201882081696
-4.99622939984381
-4.98888396637641
-5.01130572776491
-4.96860786290464
-5.01555428922788
-5.0205610936124
-5.00380131677393
-5.0065006463471
-4.99205074360439
-4.98903819886009
-4.95508160513632
-4.97697146534036
-5.00477767418433
-4.96731241111637
-4.99598024209985
-5.0056039399153
-4.9913037697319
-5.01536296324172
-4.98429307129795
-4.99338461777705
-5.01433490485184
-4.98460238083301
-4.99128796538662
-5.00748853740575
-5.01481028322582
-4.99812663682349
-4.99167084401873
-5.00324631310667
-5.00957854008712
-4.99600899819849
-4.99236239185443
-5.0003377053068
-4.98218537407952
-5.00384825589935
-5.01455192220967
-4.98780906458993
-5.00572189435295
-5.02045220182228
-4.98078100621003
-4.99943462191584
-4.97329675282112
-5.00563236570191
-4.99820216961055
-4.98962199467035
-5.00874936190662
-4.98090363833714
-5.00470837421791
-5.00560156939018
-4.99959966913115
-5.00103811201509
-4.98199879982817
-4.99353598355159
-4.98598199819862
-5.01737809705422
-5.00380088786378
-5.00645902136896
-5.01330552002375
-4.97474559921339
-5.00294217476667
-4.9898415995833
-5.00503039356639
-5.00261832650857
-5.00889955041348
-4.99212482880003
-5.02360856431719
-4.97408193883997
-4.98326062870253
-4.97455590454453
-5.01397156628017
-5.01980135481062
-4.99002664462247
-5.00840996995798
-4.98709021173246
-5.00103570800493
-5.00584181840392
-4.99810480980058
-5.00998888431215
-4.98240618863985
-5.01475927232534
-4.99612936940816
-5.0042737600053
-5.01906894153691
-4.99419337659694
-5.00484771349314
-5.00242247387611
-4.98500949011532
-4.98272947119725
-4.98731713706403
-4.98611784157863
-5.00787566208916
0
0
0
0
0
0
0
0
0
-5.00298471087124
-5.02195138292126
-4.99358779513437
-5.01258479433608
-5.00034813094548
-4.99765490862206
-5.01619366905414
-4.98577760603462
-4.99625984396835
-5.01896089883406
-4.97433532835816
-4.9716411884072
-4.98745532765649
-4.98743436853382
-4.98867037419737
-5.00194065780564
-4.99522191802154
-4.99161097526696
-4.99654161334881
-4.99075558863297
-5.00918255086751
-5.00140637975451
-4.97649438706091
-4.99856665459774
-4.99973285780781
-5.00372462297093
-5.02284525942406
-4.99526383097104
-5.00028693651513
-4.99599921396632
-5.00069255222018
-5.01277318907028
-4.99305287837252
-4.99885111434176
-5.00088522463883
-4.98868703727061
-4.98903436915881
-5.00098413549314
-5.00599921039168
-5.0028386855095
-5.00265881949418
-5.00929840029207
-4.98972296484607
-4.99344474121958
-4.99266740457493
-4.99173575151489
-4.99786043281078
-5.00977841175761
-4.99413951700465
-5.00465812571096
-4.99268769529273
-4.99998142152606
-4.98756700481805
-4.99890867591626
-4.96157827637231
-4.99316993812135
-4.9951518573521
-5.01772111608612
-4.98975809523114
-5.00756863607346
-5.01907405849949
-5.00745914420564
