Force
-1.68138005598835
-1.68374067314656
-1.68298811802231
-1.68489672657683
-1.69034059583624
-1.69229655270517
-1.69194596127741
-1.01842868633718
-2.86480389224143
-3.64061509003761
-3.49292053904324
-3.84004760197749
-3.84700263234093
-4.28983407916151
-4.4526401483762
-4.48458609931649
-4.51754853977103
-4.66283748791945
-5.20236461713808
-5.66060119131792
-5.74997169465195
-6.41550248969804
-6.55258670471317
-6.93508021117923
-6.82741182268849
-7.23926360592799
-7.47721570334136
-7.56443660583073
-7.70315480214014
-7.67317617420816
-7.75697889874832
-7.79898761522736
-7.89258205183755
-7.83982216307275
-7.89151546962738
-7.884679980153
-7.93015205092787
-7.91468515717636
-7.91956476159998
-7.93653079600666
-7.94691409962844
-7.95351993669861
-7.99774577351181
-7.97269121319004
-7.96525312513039
-7.99709059299397
-7.98430018400761
-8.05196778687806
-7.97073095926485
-7.99499357436158
-7.97798946512627
-7.95835131177612
-7.9728880241684
-7.97582493261109
-7.98497136407521
-7.98760260113923
-7.97925576123071
-8.00225980340204
-8.027326787972
-8.02815354603547
-7.98749935424298
-7.99354508732879
-7.96439578887154
-7.99623938995821
-7.97474483295911
-7.99808367614243
-7.98621466140355
-8.01806967106078
-8.0005975802909
-7.98052006500945
-7.99843321088609
-7.98395517879942
-8.00209797369213
-7.97610975398794
-8.00420470374608
-8.01493892401954
-7.97076005385584
-8.00552914701609
-8.00614116639822
-8.10067426457207
-8.00176586120968
-7.95675909000291
-7.94302186141826
-7.96051713637482
-7.97726169297054
-7.99567374221776
-7.96367712718801
-7.99430605299702
-7.97535460681393
-8.00902303077622
-8.0256010735191
-8.00539549791159
-8.01897211812893
-7.96825593422115
-7.98827109455996
-8.01029213202623
-7.97634860784378
-8.00551611942024
-7.95813464129673
-8.00853378902232
-8.01000437103257
-7.99037869083466
-7.98365300173334
-7.97198171586335
-7.97867702646608
-7.99949900838318
-7.95359250928038
-7.99844474900308
-8.04299057676288
-7.9380930924981
-7.94910547927228
-7.98235408708513
-7.99040507543578
-7.98456028999174
-8.00491716331728
-7.99156056919083
-8.0205363469364
-7.9903459776159
-7.96482045276464
-7.99767175418744
-7.98289541853505
-8.00488331539569
-8.03040318628704
-7.98642897826696
0
-7.97255391110824
-8.00094900860753
-7.99164156733569
-7.97360680824925
-8.02298344062106
-8.00115458777559
-7.98439578526648
-7.99519392100283
-7.98511477751151
-8.00065304172231
-7.98452455076765
-8.00310244839065
-7.97793509488922
-7.98392221443522
-8.00445709620971
-7.97192125031092
-7.97382433052702
-7.9707891076535
-8.01392319288551
-7.98946472834555
-8.00069130454569
-8.01151429229947
-8.01670330750869
-8.01051178872273
-7.98758488802413
-8.01585944550581
-8.01903572842954
-7.97913358242754
-8.02623940025094
-7.98681761369078
-8.0169828371395
-8.01088439920069
-7.9689632416564
-7.98713802386389
-7.97864027155762
-8.00015066976604
-7.99597570347792
-7.98314928641317
-8.00225983611046
-7.99270125956388
-8.0046409971219
-7.9723330117095
-7.98904107212392
-7.9816269213776
-7.99090440040702
-8.01145217937396
-7.97534256939784
-8.02083241858568
-8.00502955410937
-8.00753012801483
-8.00778529106174
-7.98244172737913
-8.00292670698245
-7.97624110653937
-8.01417364572316
0
-8.00988908863582
-8.03365927899496
-7.98133908579219
-8.00757712405784
-8.0013218211828
-8.00107934277744
-8.00217896338957
-8.00680154656379
-8.01344157827333
-8.01295233169773
-8.0052454976639
-8.01343019458335
-8.00085512946178
0
-7.98744402865008
-8.00914950839992
-8.00467867520825
-8.00906244281905
-8.00447689981949
-7.9927313253882
-7.96568555743159
-7.99493877553472
-8.00123179612658
-8.02265060771327
-8.0027667697386
-7.95905339496701
-8.00495082243175
-8.02214827653941
-7.98747091371034
-7.963927817475
0
-7.98199879942735
-7.9879211245236
-7.99849525145363
-7.98013683102365
-7.99515339283047
-8.00067312601422
-7.98941392249722
-7.99399663091997
-7.99262263917413
-7.98709757593614
-7.99399109831475
-8.00717619526685
-7.9981412405337
-8.01076181216894
-7.99483626718397
-7.97219337521024
-7.99549648235846
-8.00669491328465
-8.00799678836073
-8.02454211432003
-7.96893066646424
-7.9862892379378
-7.98636921093366
-7.99015210270153
-7.9827127591191
-7.9777867269604
-7.97584758971223
-7.99257995850645
-7.9812673009634
-8.00176456176256
-7.98016282030641
-7.98702398450451
-7.99933074171347
-7.99202753887577
-7.99600369692219
-8.00340200381885
-7.99354113087345
-7.99957084355949
-7.98637655064252
-8.00711648561044
-8.00271065370319
-8.00675647050215
-7.99675633560563
-7.9873560048596
-8.01017277352471
-7.99146465667385
-8.01272533144251
-7.97059566513506
-8.00569921158835
-7.99186734932904
-7.99486260041496
-7.9948124203703
-7.98901920627572
-8.038647662717
-8.04790458835562
-7.97728534504908
-7.98502854241455
-7.98455890591986
-8.00083823608595
-7.97532787914339
-7.97538776036726
-7.98773955481758
-7.97944492827664
-8.00937760933558
-8.01120150647631
-7.97207736077987
-7.99774579624634
-7.99504754359844
-8.00325491641923
