Force
-1.83256052455713
-1.83906446102437
0
0
-1.84040247408765
-1.84045624853913
-2.04398840095228
-3.21483609103971
-3.45454473331183
-3.59219504467663
-3.47285946244733
-3.76410492243792
-4.32692254422384
-4.50470606317387
-4.27608466029038
-4.56022268299825
-4.19900031300111
-4.57888600391622
0
-5.08971197860446
-4.93734604694476
-5.32358910417331
-5.40728969028289
-5.83539202667666
-5.86224321270391
-6.18969558829547
-6.2744299530229
-6.32732063391506
-6.50454954410853
-6.56583512618198
-6.64116136415023
-6.69140939468241
-6.7823570747568
-6.8036065148863
-6.77538699697175
-6.84827188115353
-6.87737303803726
-6.90612422607283
-6.9265593083612
-6.95933551694251
-6.9430635915452
-6.92542793609541
-6.92997983250753
-6.91186539242619
-6.92717002464764
-6.97194673635847
-6.89727685798719
-6.98176657911707
-6.88488047345078
-6.91943561745567
-6.97016363998819
-6.95275934668156
-6.96702277117972
-6.95410542265437
-6.95846673225562
-6.98503415449586
-6.92851381097088
-6.97326937348434
-6.97944406901276
-6.96972033462511
-6.98088830407932
-6.94565483266633
-6.9558797070085
-6.97001761658825
-6.99047947282969
-6.95291392365631
-6.96683927720191
-6.98199163637555
-6.95533085052422
-6.9712234583818
-6.95155200401424
-6.92790349877807
-6.98191150490512
-6.96710304777603
-6.97796131325462
-6.96618440301538
-6.93205536213421
-6.99872022201725
-6.97744660248888
-7.00483673611801
-7.00142044950924
-7.00390993976169
-6.99794118678431
-6.96091686016297
-6.97228609731718
-6.9517223694499
-6.98041589995522
-6.98837743999919
-6.97750688011676
-6.98494126107781
-6.98653039757676
-7.01603875734271
-6.9462114354501
-6.9800736738791
-7.00081892632183
-6.95342859012959
-6.9958840411839
-6.9714039236174
-6.98399454080309
-6.97596370447058
-6.97407603194474
-6.99047129207825
-6.96425153858152
-7.01056181579299
-6.99101714236741
-6.93926069381502
-6.98587691550308
-6.96667286175586
-6.95625226349786
-6.95700532607999
-6.95167418083798
-6.96295442034622
-6.95968633885451
-6.97973193236947
-6.99232960557407
-6.94200620805969
-7.00570682003482
-6.99098622495806
-6.99516657043183
-6.98517800453759
-6.98637355055873
-6.95768418571584
-6.96531017674657
-6.99240595374696
-6.96214913077281
-7.00700248011416
-6.97212403159055
-6.97301727966188
-6.99159892040073
-6.96035796389738
-6.97133694711946
-7.00572740078829
-6.98751758019773
-6.94713511988669
-6.97761510820279
-6.98333101621383
-6.9701814724805
-6.97366389974898
-7.01326844621665
-6.98734908307886
-6.98034286047012
-6.99167024132018
-6.9715180545282
-7.00512111589815
-6.97357769963182
-6.97999559112134
-6.99542474388345
-6.96350337308835
-6.98919625334694
-7.00915393240063
-7.00039017907521
-7.00984455505859
-7.0038740111332
-6.97961009133616
-7.00096231805269
-7.01372830596488
-6.98750925510582
-6.97736300699408
-6.99010522114685
-6.99999588382615
-7.0155956871962
-6.99089183949454
-6.9912378184417
-6.97633603740158
-7.00280183815183
-7.00720496111005
-6.97256134310326
-6.99221343074966
-6.98631694065795
-7.03870391502236
-7.00601257457731
-6.97598886658429
-7.00814823505908
-6.97975801970374
-6.98592561094653
-6.9982894616082
-6.96665437108792
-7.00211812937775
-7.00828776082663
-7.01641590388073
-7.01744197631517
-7.00646609718723
-6.9809168940987
-7.00232801953602
-7.00957866344804
-6.99938039398068
-6.99290511341949
-6.97618017332657
-7.00950082873375
-6.99944908195371
-6.98791694294215
-7.01220678308187
-7.00851418240055
-7.01150021050526
-6.99187286185193
-6.97357267872938
-6.98003573040468
-6.98157705699468
-6.97561405281031
-7.02110097777596
-6.96396992519252
-7.00807459577273
-6.97638827283209
-6.99383216442043
-7.01379603793929
-6.99298816186293
-7.01948297051926
-7.00897470783432
-6.98780639579415
-7.00105711410274
-6.9978380986413
-6.9848705145673
-6.99011886845688
-6.98670475162289
-6.99987345406403
-6.99386470747683
-7.00885246153913
-6.97090949963793
-6.98728944269777
-6.97146146344318
-6.98041926856975
-7.01310870120433
-6.99499381064886
-7.01964721176872
-6.9798601343708
-6.97474981952579
-6.99749188926673
-6.98922508303518
-6.99094344972187
-6.98854470857788
-6.96236863292392
-6.97620839313594
-6.97626017665598
-7.00332007062063
-6.99270126953902
-6.98337477644975
-6.9787673248614
-6.98860667101505
-7.01432824902563
-6.98292616407091
-7.02036740737633
-7.00005940625597
0
-6.98800455253346
-6.9876833004751
-7.00391076915589
-6.99816743538716
-6.99617574883045
-7.00511298671328
-7.00705946398517
-6.99715157624718
-7.01005338979773
-7.01954221367558
-7.00595364430318
-7.00853069200322
-7.01375341022765
-6.99366016709276
-7.00145638734146
-6.99104286174352
-6.98485469646066
-7.01813992981643
-7.01945985579305
-7.02940894004209
-7.0162700639459
-7.01540049837194
-7.01679658401496
-6.99199826997405
-6.99344548852942
-6.97499831888274
-6.99555260944546
-7.01983073649656
-6.99293200603549
-6.99696248812543
-6.99664584199822
-7.00330343172686
-6.99490929357535
-6.99484467848683
-6.98118606993702
-7.00119340541839
-7.00986212456864
-7.0010110649996
