Force
-1.87875870264407
-1.87965573381833
-1.87721697133317
-1.88452337521448
-1.87095965609764
-1.89143779064152
-1.88349213669454
-1.87953900341977
-1.09381652259324
-2.44618084034829
-2.88955576045434
-3.07434657846952
-3.38150012921912
-3.4696857171611
-3.72279999032341
-3.72571000949956
-3.62783639067075
-3.57287211109181
-3.76708120677693
-3.89433528050383
-3.91215711065562
-4.04794431934704
-4.15348386264323
-4.07080638071126
-4.11617188280618
-4.00084936467924
-3.98228439371202
-3.96378498761374
-3.98029943140766
-3.97083644024003
-3.99064117640801
-4.14277427807305
-4.06831464286337
-4.09105584295166
-4.02624046857754
-4.21158454375581
-4.10544186937497
-4.30945649352315
-4.36880757176362
-4.33953955875459
-4.53390534742185
-4.50117019178064
-4.46744086648734
-4.52230623308647
-4.55166396047371
-4.62835436625629
-4.47985960632241
-4.50428168210708
-4.52535756117487
-4.5590191608926
-4.49786513971959
-4.49543219573723
-4.6049945115743
-4.69611866352312
-4.58064884224695
-4.68513580345184
-4.70503470209107
-4.76604343522
-4.81040463187223
-4.84285160029492
-4.87632054897172
-4.87043199772109
-4.89495961124562
-4.89034647196757
-4.95776961028429
-4.9155603957033
-4.94261917149999
-4.94214393606148
-4.90999236740965
-4.94595320357421
-4.92538986988566
-4.94463833833527
-4.9450989978744
-4.93282934086901
-4.96529438894648
-4.96608378595352
-4.97862729838903
-4.98022955648645
-4.96298875112274
-4.96599224042437
-4.97513709342967
-4.9625909611306
-4.99485310675895
-4.95011214317817
-4.97885328974618
-4.98581512945132
-4.97772135510266
-4.97524309575949
-4.99388618983065
-4.98659301650082
-4.99093549200185
-4.98382574918312
-5.00702425741279
-4.99470874662694
-4.97892440931929
-4.97852528557003
-4.98734137101816
-4.98141723644343
-4.99705455233683
-5.00483637270609
-4.97860690070677
-5.01938419300987
-4.99747395552926
-4.98771932010312
-5.00671626135172
-4.97643521606028
-4.96184350468979
-4.98047314332479
-5.0042943215705
-5.00281443111535
-4.99086462188089
-5.0098316340084
-4.96591169058268
-4.99258751362139
-5.00743380786662
-4.98310448997424
-5.0098365375514
-4.98853340128927
-4.99924341919812
-4.98027194467681
-4.98325214576246
-4.97330357054328
-4.97634981159492
-4.99733412021054
-4.98376927935193
-4.98809743351017
-5.00932334197798
-5.01209070879763
-5.03145819198411
-4.96646979390561
-4.98874961981869
-4.99329368713737
-4.97917901268577
-5.02291732927835
-4.97677450550294
-5.02167591203893
-5.02893652663085
-4.99877925743716
-5.02558199773494
-4.9739998573092
-5.00484092548467
-5.00664834135113
-4.99192001630519
-5.00405927033086
-4.98361330602393
-4.99860316864902
-4.98989839317939
-4.98567924281061
-5.0119361130235
-4.96901191219095
-5.02270737529675
-5.01590521034477
-5.02411169751003
-5.00386342387971
-4.9958927785748
-5.01022591825504
-4.98150143935005
-4.99162388846434
-5.0094393233409
-4.96276656260882
-4.98726331193326
-4.9651104580153
-4.98481057948347
-5.00106237224446
-5.00442724676781
-5.01245537401631
-4.98161822524778
-5.00592165353246
-5.00952688675403
-4.97218000328605
-4.99963990746066
-5.00739996283629
-4.99069433360621
-4.99875476990964
-4.98221366202503
-5.01179715534334
-4.99421126958544
-4.99534413599625
-4.9824286064234
-4.99180442070057
-4.99934655014179
-5.01696532167006
-5.00610175501232
-5.00999794514668
-4.99770723879553
-4.98773903301439
-4.99944520084542
-5.0133868897129
-4.97402226262129
-5.00834192988709
-4.97008266607233
-4.99875520771104
-5.00153440658847
-4.98402245540462
-5.00613069329559
-4.97538846680358
-5.0121061191919
-5.01336550533516
-5.0009037347066
-5.01197238742266
-4.99799636456182
-5.02321819214727
-5.00609466949817
-5.0140872936131
-4.9997131337179
-4.98642074660608
-5.0056013437545
-5.01421018087852
-5.03062124852928
-5.02609170875303
-4.98717161909689
-5.01087589276243
-5.01510174346834
-5.00949432005813
-4.96274526985601
-5.00360943176993
-5.01654884061389
-5.01271984488673
0
-4.99578239339099
-5.0036835302671
-5.0018027176047
-5.00378275644174
-4.97036829327073
-4.98577892377435
-4.98794742436558
-4.98507640874908
-4.95885571837996
-4.98868899671818
-4.99104305621861
-4.97932060517486
-5.0120933348119
-5.01539869206052
-5.01144338787874
-4.97854617123678
-4.99417450484075
-4.99948539563126
-4.99225092879801
-4.992853934433
-4.99574073634302
-5.00177738843629
-4.98261226561055
-5.01503460517742
-5.01684100108422
-5.00582896409201
-5.00679444266196
-4.9911151021649
-5.00754319352251
-5.0098542792547
-4.98673585428926
-4.99642839378453
-5.00322502046917
-5.00062704138609
-4.99416507922544
-4.99250108317935
-5.00969255456109
-5.00060957545404
-4.99816007956403
-4.98124564939603
-5.00618282285526
-4.99759436865286
-4.99025790467708
-4.99265207795427
-5.02212544014993
-5.00255760374459
-5.00941034965971
-5.00498035800473
-4.99869070884817
-4.98663853309565
-4.99005160683668
-5.0303991740379
-4.99144297915665
-5.01728670274828
-5.00579888538709
0
-5.01197069191368
-4.98603763490296
-5.01177981856425
-5.00833307924038
-4.99993231153202
-4.99570100875293
-4.95940712152494
