Force
-1.54954927036928
0
0
-1.54340554738014
-1.54977757188719
-1.55437335739123
-1.65960095711161
-2.7693406056401
-3.08554438621685
-3.3543662644834
-3.42298284822964
-3.48122784863961
-3.70142312898912
-3.77773722316945
-3.74525884497652
-3.82935876197194
-3.88792531220427
-4.02777831900771
-4.02774777040475
-4.10520935118966
-4.15173650031634
-4.24054344429061
-4.49138206787658
-4.44209411997727
-4.51083589176573
-4.52564526647913
-4.79886936655223
-4.91647398288477
-5.06527146327043
-5.24321230057587
-5.35506275888463
-5.44122660716687
-5.56209522761756
-5.8283044513491
0
0
0
0
0
0
-5.79705485518957
-5.88194606590135
-5.91335212417876
-5.91867322762492
-5.88641668687916
-5.89081670743892
-5.90668078896499
-5.90498596842727
-5.9111830408074
-5.92490893561357
-5.84986692336465
-5.91020069538772
-5.90893700957498
-5.88785975998985
-5.9003359149757
-5.91362770938175
0
-5.9466108890132
0
0
-5.91323847175948
-5.93498359063215
-5.93149662483774
-5.88833377429652
-5.94546126439003
-5.9290616527932
-5.92312094222679
-5.9667854119072
-5.93040696493214
-5.96122895330089
-5.94590039816431
-5.94176776140018
-5.95210124331686
-5.94911333178716
-5.96594550047978
-5.94387565467381
-5.94185423884132
-5.98324250544875
-5.9507519353424
-5.97638189027344
-5.94377550892405
-5.95870192674038
-5.97426874081059
-5.98677573210907
-5.98702973250435
-5.95821360886801
-5.9766307063585
-5.97074524880956
-6.02072566973412
-5.98230215420166
-5.94230367610629
-5.9955870412815
-5.95902561457086
-6.00516636072033
0
0
0
-5.96702853844961
-5.99795740807303
-5.96617720290606
-5.9535580163416
-5.98921031369738
-5.98622411748815
-5.97639156278864
-5.9929877920766
-5.97484841574622
-5.99364101859022
-5.97698788009003
-5.95025548528855
-6.01008675798828
-5.99744368318129
-6.00089366817939
-5.95410308543969
-5.96257411750068
-5.99177339330447
-6.0006295976167
-6.01334227717601
-6.00640294833315
-6.00937231546446
-5.98202890342243
-6.00802155560382
-5.96682941848086
-5.97135763822338
-5.98850317121234
-5.98494218438139
-5.99389127106709
-6.0007985976525
-5.99889313091878
-5.99770769949204
-5.96816055990374
-6.00329678343929
-6.00111606938738
-6.00073734499023
-6.01407034020698
-5.99084110821927
-6.01305029710486
-5.98685016430302
-5.99127674269526
-6.00276430926569
-5.99133344475365
-5.99903775221847
-5.98170661277448
-5.98328155513308
-5.99021044682026
-5.97977691781931
-5.97661635730926
-5.97623150927243
-6.00667236142619
-6.00286595583119
-6.0113241545574
-6.0074240170181
-5.98015888349448
-6.00154244895021
-5.99169602785948
-6.00660391494249
-6.0236742399437
-6.02076160858291
-6.00551304396249
-6.00137654938831
-6.01802161645129
-5.98020075935047
-5.98788946451293
-6.00598755147046
-5.98909815946465
-6.01606397633972
-6.00105642833634
-5.98430749959077
-6.01108609867312
-5.99491132827158
-5.99878338542042
-6.00093283308836
-6.0016953694838
-5.99366529439755
-5.97959719827186
-5.99371965187009
-5.98108583323441
-6.01802811228764
-6.02130869227266
-6.0284004002361
-5.99458479807367
-5.97068274461484
-6.00657585077949
-6.02316579285404
-5.99169258680072
-6.00844638128001
-5.99419272473176
-5.97296763308702
-5.98847225145861
-5.9926688559992
-5.97778124021728
-5.9979828664383
-5.9844362898195
-5.99659896703099
-5.99297904757917
-6.01019069386436
-5.98320442126361
-6.01483831580794
-6.00396910211301
-5.99309851710355
-5.99332902512372
-5.99547799560582
-6.00098911433519
-5.99333713233212
-6.00180764029836
-5.98525320410903
-6.02615777242225
-5.9876071399658
-5.97489807466903
-6.01499357872133
-6.02646314278209
-6.0160932767116
-6.01149101354257
-6.00175542881785
-6.01632991050894
-6.02913720022572
-6.00485450316839
-6.01197021299231
-5.99021100190522
-6.01948840304733
-6.00510096121473
-5.99188280883673
-6.03155925477848
-6.00519314185478
-6.01827232161744
-5.9801953609831
-6.00946927785578
-5.98097736158313
-5.98749849338328
-6.0049907502999
-5.99791750374352
-5.97754008448212
-5.9990780575836
-6.00202758962178
-6.003203324787
-5.97939189565788
-6.00597540980078
-5.99281833910391
-6.01976250240159
-6.01562469963721
-5.98928459627514
-6.01987219288958
-6.03521712444237
-6.0060938078923
-6.01937647408964
-5.99717886089035
-6.01754181013589
-5.9970165901249
-6.00524366702293
-6.00384063692645
-5.9729921595024
-5.99504581430769
-5.97512598640412
-6.00742054307385
-5.99313080331432
-6.00347580645645
-6.00818910859117
-6.0073068981731
-5.99986350008214
-5.98708708906548
-5.99073709307414
-6.00013041108178
-6.00362779794714
-6.0070503707913
-5.98259345722154
-6.01222208933108
-5.99227458868025
-5.99511369041839
-6.02879295283762
-5.98030630819776
-5.96796932785955
-5.99768076982635
-5.98520671107265
-6.00673242523929
-6.0085833157045
-5.96921944654214
-6.00616781407825
-5.99081540778822
-5.99827791605782
-6.01048315431628
-6.00997165575164
-5.99904512179555
-6.00442277511235
-6.00579845408973
-5.99071590685891
