Force
-1.96907578461487
-1.97508963983041
-1.97514335479052
-1.97899968009883
-1.96933507970038
-0.693239178791876
-2.36783606402491
-3.07381443992576
-3.50624849201845
-3.88632810102921
-4.01479277216019
-4.23968432173583
-4.34523009366672
-4.42262594466061
-4.48458501523752
-4.20638847602512
-4.21932031047295
-4.3727577116225
-4.42356354374246
-4.5927930366872
-4.66735371168287
-4.39955914129027
-4.57505727998685
-4.52369250956254
-4.74301199245784
-4.74786717321249
-4.81551943148012
-4.76432255105805
-4.78597970611222
-4.81565849056316
-4.9428864117243
-5.08409696548554
-5.24929523007202
-5.33346781330355
-5.46321234141785
-5.60334009862632
-5.64246617826077
-5.67694463728063
-5.77783715833249
-5.73611692969394
-5.75393547405725
-5.82301482807394
-5.80581964215636
-5.86043794783339
-5.82319226931087
-5.83544952554564
-5.86476148156996
-5.86075109430957
-5.87121114828551
-5.90521164950997
-5.92084611961589
-5.86640990983857
-5.94993333261706
-5.90623246865859
-5.96517239193027
-5.89890059315916
-5.94504263287088
-5.91853642407896
-5.91236679756805
-5.95587838052394
-5.93949439588448
-5.96023776672155
-5.94672129914513
-5.91601029287748
-5.907723582248
-5.94169873416671
-5.92745241473354
-5.97650556215668
-5.93621683417869
-5.96209593465542
-5.96918253635323
-5.9842558470336
-5.97354457293281
-5.98443926527215
-5.97218921910845
-5.97158227273117
-5.98979680703518
-5.95147616643698
-5.99171575416825
-5.97134297600396
-5.97078652786387
-5.9958678749789
-5.96147108034566
-5.95602451786918
-5.99265687820081
-5.96741740758752
-5.99948757947989
-5.9750420804621
-5.95404115293808
-5.97109312841124
-5.97590388740703
-5.99175936067674
-5.98812911982305
-5.98621565639827
-5.98851519512721
-5.97882508885574
-5.99030891892809
-6.0234444737702
-5.95425085354548
-5.97933497571996
-5.95411389861378
-5.95387816342598
-5.96281399715812
-5.97130647151948
-5.98665619939561
-5.96158071059386
-5.97794793021828
-5.96582291921533
-5.98104900495541
-5.97998317889968
-5.97142690862254
-5.97402432403547
-5.97207031107872
-6.00318215992812
-5.96057925283554
-5.98654585098793
-5.99683359142404
-5.9782645560846
-5.97587325953028
-5.97918312641075
-5.96621248352952
-5.95661360417121
-5.97128079875206
-5.99466508219261
-5.98242565658184
-5.97218563394123
-6.00528758442029
-5.96163402551636
-5.97780391696729
-5.99486618290574
-5.96221093882668
-5.98322376310844
-5.98651110781782
-6.00754077138133
-5.98273921446632
-5.99707153764551
-6.00454406575538
-5.98971788587253
-6.00787514929809
-5.98424515294934
-6.0109314372142
-6.00190743802362
-5.99503498942126
-6.00017155446072
-5.97974246597966
-5.98544542536541
-5.9694904427263
-6.00828470700169
-5.99494585534025
-5.97203714084376
-5.9924282997848
-5.97995728105445
-5.97129316200848
-6.00974293424896
-5.98682942009838
-6.02787265259337
-5.98554787218297
-5.99729363291104
-5.99290083325458
-5.97073597667295
-6.0079360291143
-5.98820027918088
-5.98341215223591
-5.98952206525561
-5.98017188328001
-5.99814314319073
-5.98671470033004
-5.99760105250465
-6.00679298767816
-5.98987517931332
-6.0001707763049
-5.97258492989935
-5.98909145631813
-5.99391469797014
-5.98146727372692
-5.99290181375674
-6.01177103533675
-6.00042306464663
-5.9968362995611
-5.99865235616709
-6.00429690890535
-5.98715189742168
-6.02240249567174
-5.99587832453585
-6.00784431570757
-6.00546093490704
-5.99192237802965
-5.99811139626085
-5.99192394969989
-5.98661550240999
-6.00505466122964
-5.98975260091302
-6.03326890114248
-5.97112178538203
-5.98091874542399
-6.00101526242842
-6.00820365119332
-5.99554827114895
-6.00107867993619
-5.99857946263726
-5.99953204264677
-6.00200160193982
-6.00534694773565
-6.00050400312202
-5.9980455840379
-5.99330294500039
-6.00919525491428
-6.00570348348123
-5.99808847389781
-6.01068700615154
-5.99310962778128
-6.01103326481614
-5.98971932814366
-5.98849072591743
-6.01501743767955
-5.98584330747823
-6.00534344218127
-6.00471187955399
-6.00675524194584
-6.0064239473802
-5.98444132875446
-5.99496455544549
-5.9674481863372
-5.99339807138245
-5.98936366201628
-5.98978491804624
-6.00237202168742
-5.98861097642322
-6.00224670291595
-5.9820760995755
-5.98087957887747
-6.00490643852986
-5.97754630463863
-5.99503587096504
-6.00586773163344
-5.99860795213676
-6.00078369334621
-5.96944533439405
0
-5.98715594834412
-5.9879019391415
0
0
-5.99460963242586
-5.97978724799981
-5.99602892003151
-5.99554008126159
-5.97293605651188
-6.01331688793307
-5.99283111903068
-6.0016542754311
-6.01306794610675
-5.99343871976753
-6.00323388440978
0
-6.00357352480846
-6.01143913976253
-5.9710355766565
-6.02173441962045
-5.98951056968342
-6.0016376366191
-5.98299297934045
-5.98164802992249
-5.99642771512055
-5.98814087852325
-5.97774932859863
-5.99358932685084
-5.98925773542946
-5.98694087994113
-5.98173356562751
-5.99783643792169
-5.98006791354789
-6.00416198588008
-5.99816025091191
-5.9880982917914
-5.99227900299072
-5.99075421047355
-5.99895147344905
-6.01390824408385
-5.99571799518321
-6.0079478391955
-6.00163932762849
-6.02358040348151
