Force
-1.29256025015183
-1.29098417467509
-1.29031902359665
-1.29351829323101
-1.2933887795455
-1.29598017404222
-1.28118775278037
-1.29269193409884
0
0
0
-1.28938910798641
-1.29217321271532
-1.28975410874881
0
0
0
-1.29224217916506
-0.650735632990976
-1.87899083098687
-2.44530914560099
-3.10466271244034
0
0
-3.27262403540937
-3.44053981631363
-3.39199027579417
-3.6193758328584
-3.56545752655964
-3.58824906904925
-3.56776437260639
0
0
0
-3.62302880173325
-3.60949502140138
-3.73202221924842
-3.66692557220816
-3.73187507617827
-3.72139077589475
0
-3.69669791048232
-3.77370823389581
-3.78937586383553
-3.74043848932904
-3.90628366806243
-3.89437839854689
-3.90247447642815
-3.94581839372448
-4.01132954769389
-4.01317982268628
-4.03382447662529
-4.08560338836757
-4.11279600060996
-3.98228100825542
-3.88314979926394
-3.93309458462447
-3.89869438538507
-3.95764105727705
-4.07397461701901
-4.02560356979892
-4.09687613666859
-4.17348617432548
-4.36036851642133
0
0
0
0
0
0
0
0
0
0
0
0
-4.42236803231296
0
0
-4.43739963649142
-4.46000993233267
0
0
0
0
0
0
0
0
0
0
0
0
0
0
0
0
0
0
0
0
0
0
0
0
-4.47674848537942
-4.49296153557879
-4.46547914457687
-4.49468752239005
0
-4.48840520031931
-4.4551242304896
0
0
0
0
-4.46636732676975
0
-4.48001173544543
0
0
0
0
0
0
0
0
0
-4.48303013921447
-4.49021323137629
-4.48758383997958
0
-4.51083557372594
0
-4.47070669561686
-4.4999013158535
-4.4867875042947
-4.4912351355499
0
0
0
0
0
0
-4.51120480726563
0
-4.50263721514195
-4.48657648882993
-4.48881331603491
-4.47526215035758
0
0
0
-4.47254796275544
-4.49663671745258
0
-4.48026865880699
-4.49580630416392
-4.49600309387119
0
0
0
-4.49678032989775
0
0
0
0
0
-4.49769481976649
-4.51385892312917
-4.5095478455301
-4.48595276332829
-4.48508816928271
-4.49728375961867
0
-4.53037126376544
-4.49337484226439
-4.47267676861744
-4.46453741821985
-4.47113718351739
-4.4955189825794
-4.47486572734261
-4.49929591936698
-4.49396472522683
0
0
-4.50501194184952
0
-4.47359874902152
-4.49365906659815
-4.47149830527075
-4.51600748029154
-4.50702827877876
0
0
-4.47887666451767
0
0
-4.46997815096745
-4.51435187414169
0
0
-4.48892915829733
-4.50110403349933
-4.48543613297147
0
0
-4.52743716224313
0
0
-4.49195325944346
-4.49856565443557
-4.49193699201695
-4.48609790134536
0
-4.50338186550758
-4.49910489316263
-4.50689014670755
0
-4.5082125822229
-4.48482069725285
-4.50119739595454
0
0
0
0
-4.4902773892966
0
0
-4.50905621828345
0
0
0
0
0
-4.51118922691786
-4.50643671498103
-4.4857880041235
-4.51097724461647
-4.4850073586537
-4.48447232415964
-4.4938451805969
-4.49133688424737
-4.50631800039873
-4.47749537781477
-4.49340549611669
-4.50637684347174
-4.5076775613094
-4.49944470996695
-4.49412696527379
-4.48899285668668
0
-4.49201861917091
0
0
0
-4.53169226394442
0
-4.49298348394649
0
0
-4.49535164074743
0
0
0
0
0
0
-4.50789698653495
-4.51193217765377
-4.51871243828069
-4.4868898596076
0
-4.50213424546321
-4.49532418503806
-4.50054779401871
0
0
-4.48326393048829
