Force
-1.69261320195097
-1.69030231874406
-1.70695328073985
-1.69173904663308
-1.69655041144926
-1.68210652945145
-1.73106223161126
-2.83467207189488
-4.06040020615805
0
0
0
0
0
0
0
0
-3.99144413892205
-3.9890705487017
-4.03928260181492
-4.03854847584133
-4.09747477524678
-4.30911462013085
-4.38487101601229
-4.48047401945518
-4.67303537458945
-4.89346370349584
-4.94598788934362
-5.07474270119339
-5.2610271521803
-5.11727282207258
-5.2902404656144
-5.28049058274047
-5.37418877790385
-5.59692724033969
-5.54571027677602
-5.67929222085799
-5.71783234846438
-5.76375513885049
-5.85632908711844
-5.86099674286621
-5.90928516941918
-5.87966218897812
-5.90990453413238
-5.93033175015023
-5.92625344253001
-5.93506190515419
-5.95237387154856
-5.94323877355938
-5.9418487005305
-5.95156571760647
-5.95280834430111
-5.94281843034345
-5.96148283081603
-5.93464135881029
-5.96744753603939
-5.95867249499762
-5.95823323863294
-5.96078681279194
-5.96397848736725
-5.97811721446413
-5.98244936356029
-5.95896832016089
-5.98828469914277
-5.95833053721314
-5.96469635216916
-5.96603044739709
-5.96607965428742
-5.97599129254615
-5.96072470414363
-5.96197655613923
-5.98661026866176
-5.95506609806939
-5.9818931394673
-5.98792983207447
-5.97718405083058
-6.00101166308231
-5.98061863842305
-5.99214854957152
-5.97741761495591
-5.97797022842637
-5.98180391665048
-6.00679533330027
-5.9894984490628
-5.98540198043535
-5.99700552963924
-5.9778082230008
-5.99543124353585
-5.98577751861943
-5.95884403445981
-6.01077737327734
-5.96136431529502
-6.00230074749447
-6.00143765398685
-5.95013324170729
-5.95470682796173
-5.98905443513471
-5.97981190837372
-6.00109249615188
-5.98322075303979
-6.01213895893786
-5.98584126816103
-5.98090548248941
-6.0146095568665
-5.97413266617557
-6.01180834682088
-5.99705600783358
-5.97108099572301
-5.99075988021544
-5.99892534173208
-5.99749983080654
-6.00337521654196
-5.98395309235929
-5.99837993526795
-5.9920820178699
-5.98929570452168
-5.9826227787592
-6.01585588625992
-5.98812089890081
-5.99496187774542
-6.01988857780533
-5.99456637580788
-5.99015598826882
-5.96478978432518
-5.99303402630026
-5.97740071104809
-5.97357466566126
-5.99870973917374
-5.99034471334356
-6.02828755856772
-5.97159091883939
-5.9893107774358
-5.99727234794115
-5.98493180640537
-5.99779810711608
-6.00186643279994
-5.98117335033467
-5.98586652449742
-5.97793666805296
-5.9912098822491
-6.02515597287519
-6.01442752406566
-6.01345566631964
-6.0107169560356
-6.00328151004937
-6.01357356056297
-6.02652752245776
-6.02078621599024
-6.00933906106621
-6.00267553357688
-5.9927083363292
-6.01778466865349
-5.9932369058834
-6.00073871958539
-5.98155656983323
-5.99737491178503
-5.99578374631555
-5.98559075935959
-6.01650209108811
-6.02505515918895
-6.00651266004262
-6.0225109083027
-6.01502198599319
-6.02263834420354
-6.00074329489534
-5.98525192078894
-6.01556479424509
-5.98234506378285
-5.97827164927562
-6.0011230660672
-5.99369590997358
0
-6.00438310146745
-6.0069750493856
-5.99017749367519
-6.00648851959153
-5.99344116662464
-5.97198188980001
-6.02070672202474
-5.98395041337922
-5.99714339260487
-6.01930817054413
-5.97171819185188
-5.99749411935326
-5.97965514064894
-6.00676303475196
-6.0082760737706
-5.99683447794347
0
0
-6.01013129201119
-6.00383779821319
-5.97089418845129
-5.98430809782033
-6.00055689842247
-5.99248945285898
0
-6.00542046121608
0
-5.96348891927561
-5.9947357967225
-5.98666460607223
0
0
-5.98607671649935
-6.02311235592564
-5.98917558559076
-6.00672078244735
-5.98255593055229
-6.00681291937831
-6.03554153802114
-5.99387947760607
-6.02082917061325
-6.03912735274117
-5.98321052523276
-6.00418396181077
0
0
0
0
0
0
0
0
0
0
0
0
0
0
0
0
0
0
0
0
-5.98854291108536
-6.0134329925479
-5.99587152042031
-6.00649059961557
-5.98581616039165
-5.99111482725673
-5.99119533034191
-5.99121428756002
-6.01481071639676
-6.00313691862173
-5.9971499829958
-6.01848824885787
-6.00654089454724
-6.01628236867622
-6.01247309425983
-5.99430365735239
-6.02406202113655
-5.9966167715894
-5.992916014866
-5.98609849878353
-5.97810002383979
-6.00893116286886
-6.00934274504419
-5.99291362969468
0
-5.99108327180724
-5.99921763559638
0
-6.01321925214699
-6.00247191424829
-5.99402132222443
-5.9993583547271
-5.98904058955397
-5.99665786739645
-5.99815728764179
-6.00186835911042
-5.99012144135281
-6.01232036818772
-6.00105635095986
-5.99895595436171
-6.02650580213971
-6.01841052779057
-6.00335904835157
-6.00420532687287
-5.99060259523967
-6.00304030730323
-6.00228251295481
