Force
-1.56633657490541
-1.57650591968955
-1.58400497198885
-1.57517737144279
-1.57537900080242
-1.58281155853909
-1.58311160250126
-1.57872817974135
-1.58143654587198
-1.45308449590741
-2.35202103806854
-3.5165269555606
-3.40662186796149
-4.04616132552361
-4.31290374858888
0
-4.118435208751
-4.57904920623151
-4.80024739327908
-4.87941885448234
-5.14840214667307
-5.47441220408389
-5.74109892080374
-5.9691165819388
-6.47560878981883
-6.58855206129664
-6.83182091059552
-7.03467016365874
-7.22134208003385
-7.46845238699421
-7.50508273235763
-7.64786263869376
-7.69532522191851
-7.7540797237113
-7.76096712197645
-7.83963105098438
-7.82138430992456
-7.87006401269399
-7.88365926111247
-7.86393814638199
-7.89421947885575
-7.91114967997082
-7.89208749522889
-7.95050204765998
-7.94395971706571
-7.95265170254999
-7.95648241418454
-7.9476964813043
-7.96566488442897
-7.91689864811195
-7.95603304220893
-7.96544489657418
-7.93496897538482
-7.97986775362595
-7.96113935783763
-7.95841789972494
-7.96924735190797
-7.92341619796076
-7.9438663067153
-7.94876253189396
-7.97145570512345
-7.94921885839684
-8.00047153185469
-7.95785923174533
-7.94431403351068
-7.96540547182588
-7.95638189582484
-7.98977120801943
-7.97752538060785
-7.96345061786522
-7.97320858409832
-7.94199361932372
-8.0054379573107
-7.95989738599377
-7.96529254767087
-7.98130309510385
-7.97471432176134
-7.99915810130585
-7.97756125039813
-7.96208902811567
-7.99196659934897
-7.93513922683737
-7.97390961034485
-7.97194847790093
-7.9733670701816
-7.98283291554967
-7.96240509864544
-7.97249717354859
-7.99247349368826
-7.96788050311056
-7.99235594981854
-7.98900427202118
-7.99839523554782
-7.97084304123785
-7.96132085669683
-8.02174562119225
-7.98250702710585
-7.986786640038
-7.97363549619198
-8.0054281891038
-7.99079608008596
-8.01329287118092
-7.9545629873946
-7.97765581127052
-8.00708353892745
-7.98730776958423
-7.98020117544935
-7.9803127328075
-7.99362804587206
-8.00649584558919
-8.03139642083561
-7.99672586440301
-7.97225508077792
-7.98984851166845
-7.99404720131198
-7.98541158485184
-7.99375104776175
-7.98926174641624
-7.99443303939694
-7.99264332530485
-7.97813311633604
-8.01599032528565
-7.98442499623109
-7.98171612958472
-7.99540584244523
-7.99483258690796
-7.95782116048101
0
-7.98523172670727
-7.98328659606528
-7.98425923329784
-7.99888959112243
-7.99109948878708
-8.01087051893739
-7.99947088355992
-7.97212927303998
-7.98807131866986
-7.97557030151944
-7.99023752536329
-7.98580057158257
-8.00444068945555
-8.00094532091232
-7.96812603212366
-7.97512388190789
0
-8.01773338396206
-8.00798044730056
-7.99101256346889
-7.9916006570274
-7.97332720793245
-8.01161639783295
-7.99251290304707
-7.97997937183607
-8.01675375408369
-7.99524867629044
-8.00618467456026
-7.990765756362
-7.9820892481481
-7.99981276996184
-7.99567623347964
-8.01559044833952
-7.96535718272128
-7.99907421321472
-7.97247995137086
-7.97532094042638
-7.98042820537546
-7.98477647852057
-7.99818176133714
-7.99824400464238
-8.01786379889419
-8.01318987791062
-7.99873937097257
-8.00404131164603
-8.00629374709716
-7.96662273726086
-8.00611038704619
-7.97160905577571
-7.99811758687414
-8.02019851709623
-7.99116737353125
-8.07110891203944
-7.97296302838555
-8.03268922203515
-7.97410753068119
-7.96939605868128
-8.00138951887742
-8.00895237387504
-8.00230626071817
-7.97735874927423
-7.97863567704673
-7.99683817818598
-7.96245704117754
-8.0052876200791
-7.99531842616465
-8.0017169586183
-7.99686508756562
-7.96124192173855
-7.96932124204544
-7.99881358147627
-7.97113880939321
-7.96786251924334
-7.99392329085064
-7.95900253779397
-7.96880347142892
-7.98100162722495
-7.9663655365581
-7.99311529844396
-7.95648680736433
-7.98953218492895
-7.98123216778062
-7.99301001380104
-7.99132718138024
-8.00810978326084
-7.97209886314051
-8.00965757374739
-7.99861372856758
-7.96956278130649
-7.97219997344745
-8.00265894365552
-8.01478225627948
-8.00440189108348
-8.01498321135425
-7.97839562251097
-7.98167273863593
-7.99995029975521
-7.96313228251815
-7.98082529583417
-7.97396590788768
-7.99253520061491
-8.00809241049327
-8.01759167529109
-8.00948436867148
-8.01949106981129
-7.97654003401814
-8.01625007656981
-7.98353565309336
-7.98760212911784
-8.00069573460304
-7.98452709989348
-7.99636560844378
-7.97987370068568
-8.02013248725544
-7.98168859871503
-8.01483136472129
-7.99089794943058
-8.01117614375808
-8.01265776020311
-7.99956232156802
-8.00003604349839
-8.00032229479679
-7.99512168515244
-7.99424309067106
-7.98639450249221
-8.02395142366806
-8.01618384478408
-8.00980512610294
-7.99098236153037
-7.97950989778248
-7.98247869573522
-8.00301440904649
-7.9785154270517
-7.99073317929356
-7.99703052277122
-8.00163524296701
-8.00096577723125
-7.99038759988801
-8.01103408614105
-8.00534131429263
-8.01606541433741
-7.99241905516978
-7.9972265723695
-8.00899015519874
-8.01777216828707
-7.99173331494001
-7.99413192286021
-8.00723869213473
-7.9866940486777
-8.00724513071536
-7.99913526524529
-7.9903605366663
-8.02469393464958
-8.01815128211128
-7.98416480677666
-8.02429395512027
