Force
-1.61457279480322
0
-1.60229655121019
-1.60009276479172
-0.55177243201845
-2.56490186661963
-3.20447631212989
-3.47430730517709
-3.56309345744727
-3.65359079609557
-3.70813606378088
-3.81348534499408
-3.94782499620573
-4.06574952435863
-4.18391719552254
-4.2331730640878
-4.21113975878561
-4.20000399991154
-4.18769541656582
-4.36265697094717
-4.49929846904956
-4.38731009630347
-4.38491078588065
-4.46921734465129
-4.64634054711102
-4.85933720807628
-5.02513763342963
-5.0209249075434
-5.18233465629188
-5.2233702184539
-5.15895315482712
-5.33053988452969
-5.41199621403914
-5.5390205582293
-5.65904242749235
-5.6171353701705
-5.68817092025056
-5.74650979746299
-5.77973459173214
-5.84863198147054
-5.82446176180626
-5.87537660083191
-5.91103433530291
-5.93910596767775
-5.94336712807632
-5.89450778929302
-5.90924379949059
-5.91932975890156
-5.89434340918385
-5.96253564632349
-5.92026845531761
-5.95004764681579
-5.95023344238593
-5.94011710828558
-5.95066967455319
-5.94327253089951
-5.95599438739466
-5.99118856247353
-5.95950661234329
-5.96278937199726
-5.95880992888328
-5.96664503708927
-5.94918523172157
-5.98845915454701
-5.98558258805562
-5.95946026415757
-5.98476807524958
-5.96130663849052
-5.99384654366522
-5.95109796471927
-5.95274707075571
-5.9726835514756
-5.97152418299364
-6.00286012480603
-5.98814074439255
-5.99252886822524
-6.00197130382506
-5.98357412240471
-5.96911586062182
-5.95111093216682
-5.9940290344688
-5.99575030623625
-5.97169271380907
-6.00434703977549
-5.9800407816629
-5.97473809784148
-6.00206694135451
-5.99732019862244
-5.98438627325968
-5.99172163734697
-5.99936931849102
-5.98370682939385
-5.97243235603815
-5.97549015238268
-5.98859761883686
-6.01330822766395
-5.96004611315175
-5.96687181695958
-5.98343535955215
-5.98605971693921
-6.01178024931489
-5.98825153956145
-6.00069170771384
-6.02206626169242
-5.9865193038689
-5.9989601942795
-5.99813825565325
-6.00726741687422
-5.99887975234344
-6.01382131469293
-6.00154500724244
-5.98759058440762
-5.99169113984731
-5.98117934834864
-5.98279157113304
-6.02147250149606
-5.98660539013272
-6.01411270782029
-5.9898843923505
-5.9929905088723
-5.99461395894999
-5.97228628839651
-5.98801683915633
-5.99862550753867
-5.9868848930652
-5.99590255573565
-5.99568517662657
-5.99735319257398
-5.98531512532083
-6.01825768462155
-5.98838297894536
-5.99480869584711
-5.99234024551597
-5.96482453689087
-5.99414146844458
-5.98512821121986
-5.95878567263343
-6.00693909187141
-6.00178883266779
-6.00490896344016
-5.99414900497559
-5.991273617574
-6.00426284884429
-5.97980111523142
-6.00354731495549
-5.98645544419223
-5.98046374550543
-5.98870410260819
-5.99415283669358
-5.98972900997091
-5.99740948764321
-6.00167256136261
-6.03184889141534
-5.99640249085622
-5.99732900759964
-5.98513223810427
-6.02021884816817
-5.98207259401415
-5.96435803078483
-5.99158255607083
-6.00073486573689
-6.00262350609627
-5.99958020774272
-6.00275265964765
-6.02063634117613
-5.9969463780788
-6.01643078599227
-5.98241634284722
-6.00764276469373
-5.99554983891846
-6.01170101107608
-6.01513798939763
-5.99786569644175
-5.97929585296031
-6.01675587052283
-5.9986686822979
-6.01090074068608
-5.99592107907707
-6.01252040652127
-6.02214385009272
-6.00262073561045
-6.00564648140345
-6.00308797056082
-6.00649586932936
-5.99650096567304
-5.99593393896079
-5.98726381022059
-5.97941840775603
-6.00826364546976
-5.98877910447201
-6.01639052657491
-5.99974602757127
-5.98576416819982
-6.01463719655499
-6.00989777280105
-6.00624985992318
-6.03095164416367
0
-5.99741200707588
0
-6.009622411648
-6.00276998007479
-5.99700601158979
0
0
-6.01777452728143
-5.98388053519723
-6.00940077269875
0
0
-5.99267254080481
-6.00225023638696
-6.00716358213783
-5.996612313814
-5.98830215053339
-6.00302438213171
-5.99245234064089
-6.00599030657157
-6.01436633437123
-5.9979318778039
-5.98084682663147
-5.98014337814806
-5.99363833626438
-6.00983172249733
-6.0144496067245
-5.98830528285381
-5.98608461794859
-6.00638890404396
-6.00727650587155
-6.0021087133981
-5.99783218957647
-5.99852910331227
-5.98210245562123
-5.98343701889148
-5.98851019638369
-6.00422857324548
-6.00378764462519
-5.99970077395388
-6.02217840015001
-6.00180260698279
-6.03540731909329
-6.0199639923371
-6.00805580902664
-6.00826338959924
-5.99747143904644
-5.99596540166442
-6.01104277985218
-5.99980187404388
-5.99588681397506
-6.02152188213064
-5.99714966034089
-6.00417294075815
-6.00637163226384
-5.99333475260878
0
-5.99046467164673
-6.00509943178375
-5.99539262555018
-5.98708198108721
-5.99594922362694
-6.00865075493887
-6.00902308375302
-6.00186209881784
-5.9943945580205
-6.00137452030984
-6.00888439290107
-5.99755932773704
-6.0125749468771
-5.98676687217591
-5.99492555809667
-5.99112568553361
-6.0074793616112
-5.99529572602991
-5.99742368955034
-5.99697166051418
-5.9913864233569
-6.00415977853785
-5.99279143809479
-6.01029272077819
0
-5.99700360691543
-6.00239351542199
-6.00151274948344
