Force
-1.40573053719019
0
-1.42316703094867
0
0
-1.42351627489071
-1.4387503224582
-1.42684519181679
-1.42639277918485
0
0
-1.43317661845165
0
-1.43515368359245
0
0
0
-1.09386488156793
-3.44145354738045
0
0
0
0
0
0
0
-3.47363917000097
-3.51839958462892
-3.57853139996174
-3.5349854464203
-3.71398482687659
-3.52479181453125
0
-3.59884379558319
0
0
0
-3.62187016339917
-3.60322081380891
-3.68407294670884
0
0
-3.76076920735851
-3.76255925282034
-3.72087915682167
-3.85211158190846
0
-3.90439139692653
-4.02060035786415
-4.10655515793505
-4.00148724516688
0
0
0
0
0
0
0
0
0
-4.2706448798714
0
0
0
0
0
0
-4.27413347341064
-4.34013708398911
-4.34976564252058
-4.4592993325221
0
0
0
0
0
0
0
0
0
0
0
0
-4.45451652949061
-4.45351294038209
-4.46179399813874
-4.45474369823974
-4.46629162964557
-4.50118607783797
0
0
0
0
0
0
0
0
-4.496282310143
-4.44968000236637
-4.4708692371722
0
-4.48036825909735
0
0
0
0
-4.45812886232148
0
0
-4.48813745661203
0
0
0
0
-4.49249446036685
-4.49647566435422
-4.50737971480374
-4.49564585963885
0
-4.49564585963885
-4.49564585963885
0
-4.49564585963885
0
0
0
0
-4.49564585963885
-4.49564585963885
0
0
0
0
0
0
0
0
0
0
0
-4.49564585963885
-4.49564585963885
-4.49564585963885
-4.49564585963885
0
0
0
0
-4.49564585963885
0
0
0
0
0
0
-4.49564585963885
