Force
-2.51877280263282
0
-2.66219244044056
-2.95455125030908
-3.12014428870226
-3.24299238711475
-3.36822005435775
-3.31127971037768
-3.12672021216914
-3.35955132462319
-3.41906364128386
-3.30131282928898
-3.2095366565052
-3.22168722996202
-3.41308925696188
-3.56510220205778
-3.39486483439646
-3.53377707965157
-3.28964484562224
-3.41077778194349
-3.50929400436126
-3.56528839200304
-3.7722235529962
-3.75268149761905
-4.09066248298832
-4.18013092513993
-4.31900756932048
-4.48781921825005
-4.5237933265358
-4.65284411507223
-4.71837847332061
-4.77945003149921
-4.79834536015254
-4.90054548629205
-4.88085212659053
-4.88898377494367
-4.9401643340511
-4.93253690984497
-4.91298156604957
-4.93040446933906
-4.93747590208135
-4.92178293741785
-4.92133540266598
-4.96459569014551
-4.96241892668606
-4.93885779097313
-4.9476809547421
-4.96552573187942
-4.93712563752115
-4.98322582070204
-4.99090057813962
-4.95744322774274
-4.96932739461843
-4.98832507090442
-4.98628250595161
-4.96520362189842
-4.96015952084731
-5.00321523923645
-4.97909932106643
-4.96143312538696
-4.96856262394319
-4.98964700650975
-4.96120726203281
-4.95713644471514
-4.9737815289814
-4.98429331122579
-4.97282158145638
-4.9787355548297
-4.95342428783191
-4.96245657513713
-4.96562626429662
-4.98562862950398
-4.98215412681346
-5.00292599653383
-4.99056677490647
-5.0071894130838
-4.96513160281603
-5.01489606148738
-4.99990342718277
-5.01602941729706
-5.0052922088098
-5.00405523695046
-5.00695799376093
-5.00034728545516
-5.00028589733557
-4.99956779030025
-4.99620996557259
-5.01018952936976
-4.99356687027989
-4.95743209400808
-4.99450406920779
-5.0044237463128
-4.99104601550451
-5.00226263218907
-5.01079932115038
-4.97594449238836
-5.00021551131797
-4.98060254600278
-5.0027727981991
-4.98555401973608
-5.00812561787756
-5.00103038990993
-4.96559569052535
-4.9869765992289
-4.96895352374356
-4.99817261860153
-4.96825211544779
-5.00538695096551
-5.00220872908325
-4.9723473458051
-4.99608726463075
-4.98873755218469
-4.99374982715299
-5.02842006273262
-4.99142933268592
-5.01315739030773
-4.99101097260987
-4.99971407408174
-4.99946564295529
-4.97018830538687
-5.00226695963434
-4.99545796754223
-4.99774645256551
