Force
-0.824142907480366
0
-0.826020833608655
-0.819104990095136
-0.82516971480735
-1.05038176529849
-1.7973567140004
-2.13237980694768
-2.4269317557158
-2.79166401393981
-2.86652903460129
-3.00799435027277
-2.90595324468433
-2.94337969077602
-3.00577030250723
-3.07592332089993
-2.88725387668495
-3.07829071644247
-2.85119501479223
-2.966956925376
-3.0784033774239
-3.27995724738132
-3.38332035407045
-3.4581283375309
-4.59401768626371
-4.54631670977477
-5.5103046265969
-6.66903848666018
-6.69589761615792
-6.98402998335231
-7.28629800274005
-7.52381162976096
-7.61196657499605
-7.69691342617864
-7.72095984449165
-7.77801622086636
-7.82118146994867
-7.87270966334589
-7.91947714961014
-7.88204848891275
-7.95132255700114
-7.91102214689309
-7.97114966115515
-7.9672731545507
-7.91811872588797
-7.97803816912278
-7.96619529069734
-7.98447443838506
-7.99013854727345
-8.04369464601064
-7.92081386170827
-7.96174983548072
-7.96988455871242
-8.00373420820917
-7.99812636107168
-8.0049572531725
-7.95847715733525
-8.01602460648152
-8.00542369096721
-7.9768944479651
-7.98367502042183
-8.00012200754202
-8.0024706433086
-8.01443768112935
-8.01480640424894
-8.08398523517245
-7.97209126013214
-7.99914917093772
-7.99890236835691
-8.01032104428103
-7.98441191394927
-8.00181353278497
-7.95695885384761
-7.9651176639031
-8.00371392058597
-7.98576734032082
-7.98919911908248
-7.99835783428901
-7.99273407309688
-8.00768657286091
-8.0050652197098
-7.98996917600035
-8.00778937420282
-7.97010928839585
-7.94368958456256
-8.0229799967642
-7.88468642060373
-7.95009755299192
-7.9919225027886
-8.01028698350589
-7.96877706215966
-7.99943506808516
-7.98072162920777
-7.95921839741374
-8.00557129086287
-8.01334649911241
-7.97947114842532
-8.01432154178756
-8.00063612209958
-8.00235699394887
-8.03006691566623
-7.99834113977095
-8.022069640876
-7.99251808621627
-7.98928215858336
-8.02156555892429
-7.97963810563545
-7.99225740962314
-7.96128983040642
-8.03052715012171
-7.99026370217056
-7.99215503322397
-8.00175001949329
-7.98479687543966
-7.9939962305641
-7.99404434408322
-7.97121763809126
-7.99058469242677
-7.994402705288
-8.02681042703287
-7.97631077425006
-7.9951925011577
-8.01438908941044
-7.97642555668762
-8.00471940862877
-7.9426174769972
-7.98608581759933
-7.94340223058978
-7.99327070685877
-7.98398471342964
-8.00656987417063
-8.00662918832378
-8.00539135853032
-8.00774060109923
-8.00231290369799
-7.98196080975542
-7.99836496077347
-7.96771620543561
-7.98406853654948
-8.00537505123678
-7.96288935687747
-8.02576010487271
-7.9853836843218
-8.01227098291653
-7.99987338157276
-7.99962117687095
-8.01270706627425
-7.95925737196554
-8.0149181833484
-7.95963119059278
-7.9727112044849
-8.00672102295789
-7.98896048256226
-8.00759207044186
-8.00000382745664
-8.04990667496085
-7.9964894508823
-7.96961305414175
-8.01026217592469
-7.99526694840284
-8.00131137682262
-7.97900020527484
-7.95870651324069
-7.99179361848921
-7.96725669582644
-8.0120310898844
-7.97255066349835
-7.97903293287914
-8.01691532953543
-8.01393151968455
-7.99627595380761
-7.9839975945666
-8.00914957748091
-8.02335114271271
-8.00591464738944
-8.02117344661355
-7.9659096715357
-7.95187073377371
-7.99816453898602
-7.99675298168507
-7.98331957539457
-8.01808177416799
-8.0057202116268
-7.98235350335259
-7.98941206401128
-7.97377506560202
-7.96351789570806
-8.01230086292755
-7.94335455076958
-7.98655829514731
-8.01779589235559
-7.97459834012431
-8.00595357677752
-7.99532940866657
-7.99316638932888
-8.02102823548634
-7.98720421962759
-7.99931977711323
-8.00268249909897
-8.00734630207823
-7.99048049729843
-7.99363034755682
-8.00479958430433
-7.99383835005086
-8.00126544223642
-7.94788398451776
-7.98783337982549
-7.99924299239068
-8.00420421384026
-8.00238364076405
-7.9985658112164
-8.00341490674846
-8.00025002784642
-8.02029959166871
-7.98641831256325
-7.98974020482098
-7.98819070583373
-7.99083283046532
-7.97439964269932
-7.99067069630412
-8.01654313389212
-7.97939345886775
-7.99204258942089
-7.99614416453938
-8.01529618846617
-8.03026567846518
-8.09728789640705
-7.9753946368776
-7.97893090797748
-7.97760088319589
-8.01358243594623
-7.93803553190251
-7.93471800936177
-7.96750970759577
-7.97356161021577
-8.00185886323506
-8.00526894987381
-8.01508653658009
-7.99991833820216
-8.00066680912913
-7.97116642111333
-7.99997515476809
-7.98605905741967
-8.00421101428776
-7.99242760531655
-7.96829985903987
-7.97347515001138
-7.97980438906384
-7.98770293121739
-7.98565140095826
-8.00623862419421
-8.01578453081287
-7.97507574567091
-7.99603329875585
-8.04386350921253
-8.02842755498175
-8.03801622522098
-7.98141024621434
-8.01993638297362
-7.99749859044863
-8.00887870754967
-8.00200457212286
-8.01078837425196
-7.951492739188
-7.97120595183912
-7.95127641822155
-8.04268511390937
-7.95786391472974
-7.98516117156202
-8.01347239848775
-7.98242892849668
-7.98366457737444
-8.02630351813887
-7.95840150635906
-8.01628108442386
-7.97317099786404
-8.00265649628511
-8.02135793224161
-7.99113700085195
-8.03162575513338
-8.01095450477809
-8.00589301505621
-7.98596928055335
-7.99539680305815
-8.01758157640556
