Force
-1.0128895312256
-1.0173969641682
-1.01709578604119
-1.00177456162131
-1.01591846406125
-1.10270321090389
-2.44544495529656
-2.55091547696758
-3.04588725293023
-2.93439189698339
-3.12560348186386
-3.01304470559666
-3.34241375748921
-3.22650485388021
-3.87222946591012
-4.43224253508481
-4.76287556687685
-5.24369891894457
-5.4559050238748
-5.80196688297161
-5.96813792301045
-6.17966311282799
-6.48719745100052
-6.48647362444717
-6.59236593707105
-6.62381088218428
-6.75381179101521
-6.81537451618524
-6.86584801083218
0
0
-6.8920581638344
-6.93377089035608
0
-6.94007232031196
-6.97669258621697
-7.0286957426701
-6.94857649724247
-6.9695783936454
-6.97819485179881
-6.98257307596538
-7.02392167926409
-6.95354205112209
-6.9587954934904
-7.01626611735503
-6.98547863561718
-6.98432431936084
-6.98858064906463
-6.98082959800984
-6.97273160643055
-7.01395939922567
-7.01120150307713
-6.98094373268016
-7.03399735985252
-7.0124124377586
-6.99188694062432
-7.00110195518869
-6.98078902167745
-7.00917077945408
-6.97283517800397
-6.98128316791369
-7.00639776754384
-6.99674300759309
-6.97300475178648
-6.97841814003351
-6.94812205776272
-7.00812198330654
-6.97900844036516
-7.0093343700011
-7.00633515019942
-6.95767331178527
-6.98767836985928
-6.98181751997907
-7.02232294289456
-7.00233512922059
-6.98677103990975
-6.96968781420527
-6.96002374292426
-6.97786468372923
-6.97148014791119
-7.01589522025976
-7.00073329053513
-7.00812150471323
-7.04525065745273
-6.98993843663915
-7.01086515542723
-6.9726910020683
-6.99879151470328
-7.01576732213799
-6.96885364511427
-7.00097439730701
-6.99743433926667
-6.99037982377558
-6.99809929723661
-6.9999357454603
-7.01959005348621
-7.00300494176181
-6.99467940002672
-7.01519728386915
-6.99891650053577
-7.02232099481386
-7.0106712210248
-6.99038118824824
-6.98026465984062
-6.99123036693686
-7.01659638508717
-6.99506237593618
-7.0082742815988
-6.99127401406086
-6.98336958215716
-7.0078391897965
-7.02173640213067
-6.9899834506976
-6.99344973417383
-7.00191926147536
-7.01604193928916
-6.9809154731302
-7.00092967752284
-6.95555812342492
-6.99592523169051
-6.99661797194651
-6.96304596371705
-7.00658239593297
-6.9968088329439
-6.99357263101226
-7.02412080938442
-6.97311692936318
-7.00701282286744
-7.01508963818525
-6.97283862096538
-6.99271722448782
-6.97421050874837
-7.00150977934118
-6.98681944128593
-6.99344146539397
-7.00398339651662
-6.96750810117034
-7.00791897447223
-6.99160029564711
-7.01626325177627
-7.0002865362415
-6.97490806650902
-6.9792499694543
-7.01639773526869
-6.99556368976173
-7.00414372021525
-7.02111615701015
-6.99900357223554
-7.01403022372459
-6.99108607950052
-7.0129957062477
-7.00713861565657
-6.99346016171891
-6.98390162472634
-6.99586709970804
-7.00715531605413
-7.0097282581207
-6.99781279364755
-6.99389217733481
-7.01866007557062
-7.01842430240259
-6.99157047453057
-7.00559583401573
-6.99064575568033
-7.01899402324051
-6.99907157209722
-6.99430369827772
-6.99635425264386
-7.01558113949704
-7.01181630469331
-6.99893264847527
-6.98239525261017
-6.97467667701685
-6.9819243919027
-6.97089028589159
-6.94575421559625
-6.98741597507435
-7.04006951241128
-6.99816348182975
-6.99691540924192
-6.98208602209205
-7.01128679583795
-6.98409873862056
-6.99129973833321
-6.98840916321736
-7.01075981250149
-6.99782143116633
-6.98666441237109
-7.00105222946065
-7.00698919857709
-6.98957866602303
-7.00645557737323
-6.99474713260899
-6.99809551635818
-7.00702535338459
-6.99456376889082
-6.99633593195198
-6.99276306475741
-6.99021954239816
-7.00409750010777
-6.99924138368008
-6.99757921530015
-6.96223161378897
-7.01055941391161
-6.98430341762515
-7.00583205618724
-7.01329398484459
-7.01649422829334
-6.99469816024288
-6.98888826996402
-6.99995504249484
-7.00058688307985
-6.99315631190369
-6.99872197827986
-6.98188164887835
-6.99538026773783
-6.98150412404025
-6.96957768363535
-6.99431590490969
-6.95989060730154
-7.00139257403592
-6.99724159347704
-6.97804892046121
-6.99554914600018
-6.98082065995868
-6.97443064417396
-6.99291833982485
-6.98098711495678
-6.99949862130413
-7.01677936132494
-7.03430813351009
-7.00734958987802
-7.01279360893637
-7.02231737572948
-7.00329598443577
-6.99793579159219
-6.99927664434441
-6.98394654196482
-7.01569943055546
-6.99974167853274
0
-6.98739334972024
-6.99240974446733
-7.00437125222174
-6.98102456286305
-7.00170672075125
-6.99939917138232
-7.01357598128618
-7.01170376923002
-7.00572514511975
-7.00170212833262
-7.00282027497223
-7.005730283111
-6.98163082848925
-6.97253781005288
-7.03217404904029
-6.98222741188131
-7.01355944930307
-7.01945848922434
-7.00262695522896
-7.0154054284084
-7.00462455244264
-7.02041953243031
-7.02746652376183
-6.99561044444531
-6.98732082636257
-6.99750193692584
-7.00971901767608
-7.00230986490568
-7.00528911242564
-6.98758778731101
-6.99409912757057
-6.98837158229506
-7.00478538328441
-6.99447338388525
-6.99625373731857
-6.99545531572065
-6.99130580941789
-6.996724725993
-6.96386280571201
-7.0157344737191
-7.01842897977794
-7.02864297308416
-7.01849330359248
-6.99826789327131
