Force
-2.21304331237232
-2.20522571370982
-2.20923852416421
-2.19532366555024
-2.20828110797907
-2.2072193159703
-1.72207286949459
-2.68714831912186
-3.35490500237451
-3.21603404999507
-3.40816652669365
-3.04095667628884
-3.35673104184656
-3.5513088215602
-3.75254241714143
-3.71089545817323
-3.86514315242138
-3.36573112391442
-3.19209531456224
-3.7100802246684
-3.94796406718767
-3.90358939582502
-4.23843452057782
-4.54397748584998
-4.71106718726629
-4.94383490571218
-5.18094422089888
-5.33158454446018
-5.41686973691077
-5.55793660302848
-5.60432206436137
-5.66201727353758
-5.72185570025918
-5.74170612418561
-5.78842972052852
-5.80719941817317
-5.81411298369853
-5.87745821076795
-5.85542287521516
-5.89477746223436
-5.87217136507171
-5.92788805115888
-5.92525868988789
-5.92556894728307
-5.97583479875184
-5.93973218485887
-5.99427327251612
-5.98297519663046
-5.96988922508095
-5.9604054470578
-5.97974239162043
-5.94400805925327
-5.97556556901011
-5.94561497863944
-5.97853644007635
-5.9737782673263
-5.94737302513122
-5.92835695860064
-5.94830842246384
-5.9728223464238
-5.94263228527123
-5.96457599379476
-5.9267601438033
-5.9391265072826
-5.90969740348187
-5.94636204178601
-5.93095516919295
-5.95722813904227
-5.95548371139643
-5.96637280061191
-5.97709560741957
-5.93432649190944
-5.97861862302792
-5.98651683230614
-5.91571566743876
-5.9525752492632
-5.97093956080589
-5.90434260231346
-6.02373211755281
-5.98053095126208
-5.96516494219852
-6.05818162497274
-5.9634912465291
-6.00238611857734
-6.01865450877833
-5.94405503964832
-5.96828496339151
-5.97624025850613
-5.99808796277316
-6.00349943329712
-5.97166741127198
-5.96674888041433
-6.01090220600919
-5.96658680121261
-6.06266015943412
-6.00017305045119
-6.01070570492226
-5.97681907356354
-5.98889393307648
-5.96644952521787
-6.00574854814648
-5.99794963546796
-5.99048627383441
-5.99327022663122
-5.9906683392156
-5.98937870885909
-5.9896970444108
-6.04995504461809
-6.01197865203372
-6.01575225006316
-5.9914082499477
-5.93707299614553
-6.00718405319149
-6.0053027040324
-5.97793071440802
-6.0145604293596
-6.03076269080378
-5.94882328026991
-5.99557205087276
-5.99876966930202
-5.95732625357582
-5.98384515480786
-5.97090354263055
-5.99826556568167
-5.98430125549063
-6.02536295575775
-6.00110217581662
-5.9913983327759
-6.00040315818025
-6.00885001164886
-5.98194830713601
-5.96665358863381
-5.92690957249517
-5.99897915133245
-5.98121622882689
-6.00239000403213
-5.96430873510076
-5.98660043834602
-6.05523108363066
-6.03631887370558
-5.96810386915814
-5.98691389803738
-5.96753766627633
-6.07187970514984
-5.99842522902005
-5.97125794186386
-5.98019310638448
-6.00994420846741
-5.99797079210557
-5.97903456679698
-6.01458364103763
-5.98231813594662
-6.0111798107912
-6.02626184421688
-6.02733759157834
-6.00607874087284
-6.00439656699711
-5.9824901087958
-6.01191856478026
-5.970883544857
-5.96357227308433
-5.99787278757696
-5.98708236219856
-5.9998060059723
-6.03467266190922
-6.01586265379648
-6.01822043684614
-6.02401343851343
-5.99484585079709
-5.99194615848581
-6.02017519789112
-5.97348528175807
-5.98970062452009
-5.97591835477065
-5.98915852510703
-6.01503184509524
-6.01152359926654
-5.9831479920218
-5.96915410483679
-5.99453750177002
-5.9367442405591
-6.04006022664873
-5.98019444337229
-5.95864200815241
-5.96582692750149
-5.98778885811612
-5.98540460550781
-6.01398297781036
-5.99850623141354
-6.00763310491593
-5.97330182062141
-5.96877005388892
-6.0071808781874
-5.97329770867582
-5.99292362880409
-5.97836592859838
-5.94360650627904
-5.97486071789272
-6.00502093250852
-5.99961888754153
-5.97739934067541
-5.98305551703269
-5.99656004419576
-6.03640074542983
-5.99408295907304
-5.96788704120106
-5.99034882242898
-5.95861519861329
-5.95000556096982
-6.02569409487747
-5.9843896803124
-6.00461543293181
-6.02996799624337
0
-6.021968065635
-6.01840678174694
-6.01076951608396
-6.00016010739167
-5.99597002030768
-5.96969930094776
-5.98859675322538
-5.97841197692149
-5.98643600169413
-6.00550234796551
-5.98899804440344
-6.01193035846695
-5.98772720928904
-5.99578798101481
-5.98951038866204
-6.00851672418394
-5.97520094837493
-5.97510810009875
-5.9445715587687
-6.01159337020815
-5.97789229882599
-5.98615685797235
-6.00745913213381
-5.99092073135981
-6.02424396722021
-5.9865448002516
-5.99994940418462
-6.00824534701272
-5.97951079976959
-5.97115215472888
-6.0009657998272
-5.97903975312745
-5.98667861979748
-5.95387481623988
-5.97474697803808
-5.98517966436801
-5.98814254283745
-6.0179201808297
-6.03881627971651
-6.0015016512773
-5.96478414693673
-6.00107620406254
-5.96886772150397
-5.98878180421473
-6.04809950935727
-5.983163256354
-5.99405519381078
-6.00286916761099
-5.99003850928533
-6.00427764864761
-6.00744796902331
-5.98380287716431
-5.93967121839592
-6.0123778669529
-5.9860655562204
-6.00238307911292
-6.02527710672689
-6.02573048235391
-6.01990682087474
-5.99469446358649
-6.03189010258503
-6.00004771153357
-6.00660754490916
-6.01904999368318
-6.00510539805045
-5.98326583429109
-6.01164084946114
-5.98892046579419
