Force
-1.95119399259431
-1.96934328941474
-1.94946233171448
-1.95397674652467
-1.94982098867646
-1.96248489144866
-1.95013019728118
-0.811020377018228
-2.12490507357198
-2.54081472166229
-2.63714250413153
-2.91443109007648
-2.83692641767921
-3.07619358598436
-3.20177768762718
-2.95342978885981
-2.93870965334845
-3.03687526502568
-3.19196805756672
-3.18925503890099
-3.25265030861298
-3.03459869615586
-3.04333527170446
-3.15600980568071
-3.3548073675423
-3.31056918031258
-3.33014958714061
-3.22148144389421
-3.32061271136889
-3.26903291344081
-3.42489726886041
-3.46766376256155
-3.60073005698478
-3.64879892531156
-3.93416989766605
-4.06764629967161
-4.094867940997
-4.29917301878265
-4.27875030483959
-4.44194969770119
-4.50804487304442
-4.5385564118619
-4.62587938279619
-4.78192081578269
-4.77425570031565
-4.83550629237308
-4.91012360978174
-4.89419106583593
-4.90812940119601
-4.92812411835861
-4.9167787737676
-4.89429767630382
-4.91338001985048
-4.95818604375844
-4.93459103341269
-4.97514634133576
-4.94188976684821
-4.991166769661
-4.96611107727309
-4.97115738209405
-4.97985945250279
-4.98424156830922
-4.99993448127042
-4.96369212419874
-4.97997425868677
-4.99221578933791
-5.00657311006884
-4.97439431946156
-4.96025654647459
-5.0040551707114
-4.99483639864945
-5.00842137953833
-4.98103821071706
-4.94512387421346
-4.98996392840386
-4.99691126817119
-4.99199250899827
-4.99583880364892
-4.98432526767965
-4.98901011709881
-4.9859177768199
-4.97843737609583
-5.00832493305349
-4.9870715341107
-5.00706771758213
-4.9922495936501
-5.00199664731923
-4.99351598066128
-4.96712899066218
-4.98326265784165
-4.95150953606326
-4.98187517572446
-5.0058856987381
-4.98308660549781
-5.0109581004355
-4.99413578161062
-5.00256528369695
-4.97951433046668
-4.96525758907454
-4.98435944348949
-5.00528053539729
-5.0118193588813
-5.00342583250494
-5.01156412965692
-5.00671185988269
-4.999094464268
-5.0119437486829
-4.99620978152335
-5.01954529821344
-4.99312066161632
-4.98463534815115
-4.99807041483401
-5.00591010110358
-4.99527056670094
-4.98599048533425
-4.9585516395311
-4.99597440437
-4.98267537118195
-4.98375147248876
-4.99375990271085
-4.99114462475795
-4.98463737193641
-4.98162297382271
-5.01798955043668
-4.99412377237486
-4.98037705460202
-5.01775326974751
-4.96255243793164
-5.01321470017067
-5.02520049616891
-4.99170313544042
-4.99249648299095
-4.98454951830479
-5.00289507348704
-4.99914521841706
-4.96857703925947
-5.01035029195775
-4.98545999159337
-5.00539277984904
-5.00518437917559
-4.97383786987727
-5.01508475843901
-4.97032741287801
-4.98868595160046
-4.99464522852609
-4.99233263569385
-4.99705527062431
-4.98782578280986
-4.9816651367535
-4.98679703080709
-4.99484282715369
-5.00385218289047
-4.9762733899088
-5.00566963048952
-5.00666866231157
-5.02580146710001
-4.98120389985513
-4.97585168852839
-4.99989411021853
-4.99553866195598
-4.9756435832427
-4.9469615415637
-4.95662676576745
-4.97098440744229
-4.98398055496095
-5.00178628549496
-4.99184817846384
-4.99443051653332
-5.00420662695377
-4.9754662033318
-4.995337331502
-4.98491758358288
-4.99509283506242
-4.99625784993494
-5.00680337309263
-4.99280457303803
-5.01061921332144
-5.0002560549686
-5.00217930034616
-5.00186330670456
-5.01572594444622
-4.99698957440214
-4.99775140489023
-4.99909591241149
-4.98962219541792
-5.02926666374752
-5.00655420322879
-5.00376557084124
-4.96532723272843
-4.97158957995111
-5.04541988192275
-5.00963115953179
-4.98557169659106
-4.99046832091963
-4.98924648980843
-5.03368599300938
-4.97947763138758
-5.02045284524989
-5.00741548852557
-5.01710127080387
-5.02125775157928
-4.98917385904436
-4.99438455667451
-4.99235808677309
-4.99205885259136
-4.97324851631461
-5.01147386367675
-4.9956708403892
-4.96869167275881
-4.99161083485133
-5.00960277094211
-4.9998009659442
-5.02845679841062
-5.00484347862909
-5.02038427008288
-4.97547885251904
-5.00301390806294
-5.01086645913592
-5.01046501249857
-5.00805415274986
-5.01473233563172
-5.01623333329627
-5.01894318882393
-5.01826708072583
-5.00554952402244
-5.03739342193598
-4.99238223051823
-4.97857850948607
-5.01187158843439
-5.00254811034997
-5.00280027689389
-5.00044560387448
-5.00671691673258
-4.98207016074085
-5.00839913846065
-4.97656348731016
-5.00055791542504
-4.98849636398348
-4.97997659333913
-4.98718170464257
-4.98485929246653
-5.00142536404486
-4.99305248326394
-5.00052642688805
-5.00514929356302
-5.00124236248269
-5.01244897974115
-5.02171133490366
-4.98631864579667
-5.01123905889178
-5.00134015407223
-5.00019185217212
-5.00833091371582
-4.98595322377288
-4.99917272246341
-4.98302830307878
-4.97551579303761
-4.97164002327898
-4.99844251968983
-4.9999332924745
-4.99180176567834
-4.99051649071649
-5.00251315941817
-5.00597994450591
-5.00726081515798
-4.99288881783207
-4.99137057781213
-5.00454608541453
-4.98525045428221
-5.0117318102521
-5.00368453329952
-4.98814425131846
-4.97688756527562
-4.98261282911124
-4.99998387565896
-4.99681674141645
-5.00794205379852
-5.00654036078516
-4.99867016038176
-5.01445170341536
-4.98222832443243
-4.98703852668297
-4.98607374572496
-5.00882142845909
