Force
-2.55099520915488
-2.9084310672086
-3.00535695534649
-3.01353038974448
-3.56373633627747
-3.68073970841032
-4.00572326538349
-4.28013596935896
-4.62324862095172
-4.97851463319542
-5.20371127986493
-5.47143002059332
-5.6565845895332
-5.97933001907592
-6.18086499825989
-6.39411337041077
-6.45521047785875
-6.53984957257648
-6.64534215825771
-6.69958798384063
-6.77297261064074
-6.77927056680848
-6.84156211989614
-6.84965444524795
-6.89461349816154
-6.88332369354105
-6.92905939361267
-6.94020041768898
-6.89821396230862
-6.91975473817051
-6.94354055591297
-6.96497885051246
-6.97240918629601
-6.95338372746618
-6.99784970052518
-6.93897622081948
-6.97329381177091
-6.99483601415753
-6.94367237930435
-7.00605500225792
-6.97224093731324
-6.97269214715536
-6.98791498334748
-6.99515904370335
-6.98809350377195
-6.99272020240804
-6.96401548530151
-6.97925783545336
-6.97946896581326
-6.98976863270208
-6.97938072184897
-7.03048638340276
-6.97368861718795
-6.98641611880035
-6.98937881792195
-6.98205052792389
-6.97263200194127
-6.96825081318506
-6.97879854415589
-6.98115269610242
-6.98113329238976
-6.98197710883141
-6.96880353040225
-6.97845290078075
-7.01614648488154
-6.99529779782961
-7.01363510246106
-7.01733057337375
-6.97102052237727
-6.99077031182406
-6.9879834565259
-6.98365545894484
-6.98747322589577
-6.97480531694444
-7.00291915784808
-7.01083018201402
-6.99868068268343
-7.01484165889341
-6.95221352261666
-7.01850428312931
-6.98156115215095
-6.99456995517911
-6.98632318165738
-6.9680291103706
-6.95117004192144
-6.99094954493589
-6.98153073037405
-6.9916866459974
-7.01114566207328
-6.9807159004742
-7.02353333699231
-6.94883694627048
-7.01213668085977
-6.99248788893698
-6.98515684855544
-7.00028067046542
-6.99645135924767
-6.97286223168589
-6.9903286882296
-7.00371419660499
-6.99733944651118
-6.9835778986502
-6.97800522325193
-7.00538468796552
-7.00432954301164
-6.96789989987271
-7.01763322688173
-7.00111660996751
-7.01057840895448
-7.01634108653287
-6.99432793016856
-7.00217177843168
-7.0042573472659
-7.02602991344233
-7.01795781245814
-7.01615639714316
-7.02023631450818
-7.01854544705114
-6.9152073673079
-7.0157719350539
-7.01782298630793
-6.98830073096411
-7.01814420352743
-6.96839755181291
-6.9487512199822
-6.98767711860156
-7.00902304100952
-7.00051086233532
-6.99499414773139
-6.99133902221034
-7.01744342857198
-6.98186996090445
-6.9943003797714
-6.99959737157818
-7.0046841553811
-7.00253366690845
-6.98783273662025
-7.00288173068556
-6.99331864477486
-6.98403855383575
-6.98772436083638
-6.99311982523579
-7.00432963988154
-6.98516811739958
-7.00426454893485
-6.9902437441685
-6.99765230404434
-6.9817892383346
-6.98392640385432
-6.99524222153083
-6.99841468429682
-6.99179411996953
-6.98738505210215
-6.98018772771163
-6.99400105172588
-6.98497307249421
-6.99653047540915
-7.00146111773698
-7.00053717957301
-7.00422008180581
-6.99182465807166
-6.9974710992499
-6.98309815922115
-7.00662039037711
-7.0044792855
-7.00457748869622
-6.99089731629798
-7.00488122904938
-7.00412586055288
-6.99488160868886
-6.98687235516358
-7.02749255495293
-6.99537769715468
-6.97178942028227
-6.99553645974719
-6.99676781252946
-6.99915363336531
-7.00362676534938
-6.99382889877713
-6.99935981344398
-6.99414966356359
-6.98106495802696
-6.97274896293286
-7.01302915992381
-6.98394349240197
-6.98025610543965
-6.99608002717095
-7.00889374715366
-6.9785182238391
-7.01304141415055
-6.98622433346727
-6.98720834400534
-6.99755159190443
-6.98908584977891
-7.00338770069667
-7.00128987699306
-6.99595605077057
-6.99772744967954
-6.99546521631671
-6.9872930897917
-6.9982751720489
-6.99681380875104
-6.97668515025763
-6.97202022922605
-6.96810763018975
-6.9911544266923
-6.95949100857863
-7.0261177193434
-6.98297537600568
-7.00729333089652
-6.9964155346619
-7.00201152770901
-6.94267042340587
-7.00972322552372
-7.00064388021418
-7.00337776795632
-7.00326935944621
-6.99500966640253
-7.01005251294866
-6.99991099878722
-6.99825388939773
-6.9917575434115
-6.99944894404468
-6.94742924821536
-6.9986560359468
-7.00188823180392
-7.00799968148414
-6.99255943566727
-6.98751895589839
-7.01123037252578
-6.99285480793718
-6.99392014086034
-6.99157956613533
-7.00926965708131
-6.98855801679379
-7.00772193858338
-6.99439166616099
-6.99833771038093
-6.98590324616853
-7.0020394878525
-6.99160405594085
-7.00778777930343
-6.99308319014304
-6.99300288589612
-7.00915409378583
-7.01283311630667
-7.00199086757619
-6.99807174770678
-7.0018754047465
-7.00467293493964
-6.99068973197585
-7.00739885977636
-7.00078648846368
-6.97501040169032
-6.99819207782962
-6.9989286974957
-7.00543576211814
-6.99613777586717
-6.99914416036387
-7.00753879701807
-7.00240973395478
-7.0033184225788
-7.00181207304223
-6.99962175512721
-7.0089172573594
-6.98756331107417
-7.00746121842062
-6.99044184544873
-7.01267072370835
-7.00940870819416
-6.99764383127938
-6.9744412054106
-7.0035681317472
-6.99215438299334
-6.99314105065585
-6.99214771330328
-7.00262486048703
-6.99639809198588
-6.9995340043918
-6.99716256343691
-7.0067396023938
-7.01091565693132
-7.01472682845906
