Force
-2.69430850853565
0
-2.97229668524631
-3.07440686653905
-2.86417373720187
-3.27912064311522
0
-3.44412023831893
-3.89078417213005
-4.24410169464758
0
-4.39406531003892
-4.68532597883982
-4.83880392968864
-4.90972244957838
-5.16706897828668
-5.30157044422632
-5.40721754046765
-5.53329840934504
-5.63256239681446
0
-5.70962949451545
-5.76770227989952
-5.8279365874525
-5.845404463773
-5.91186678874395
0
0
-5.91815960968946
-5.95398668954384
-5.97721134542924
-5.94590568193466
-5.96405618635651
-5.92568189621936
-5.97791882986143
-5.96727003235243
-5.9701583360375
-5.94421451729947
-5.95469005814781
-5.94024025924987
-5.98075909083182
-5.95734225215164
-5.95662900164076
-5.96417265306518
-5.9823706959423
-5.9948426456007
-5.98535325025653
-5.97791055954655
-5.97339877464952
-5.98631170340711
-5.98153894344109
-5.98870619046296
-6.00521398308129
-5.96814019037326
-5.98173775421632
-5.99421278585469
-5.96060756407829
-5.9900400812498
-5.98604028570185
-5.95138042624211
-5.98903089310528
-6.00617900431425
-5.98717300991251
-5.98925158436454
-5.98925959037461
-5.97411489684425
-5.9990715330872
-5.99287703883355
-5.98908166421841
-6.00262442672426
-5.99723875279575
-5.99613156937757
-5.99235023262058
-6.01284423342107
-6.00780276343101
-5.97148086222844
-5.9724444629477
-5.98006599397594
-5.97176392816978
-5.99226219519076
-6.00127195355315
-5.97708687002841
-5.97691083685285
-5.99831673991266
-5.98909586966393
-5.99806025232885
-5.98571958994139
-5.9900029857878
-5.98756983984763
-5.98922517665134
-5.96477044882945
-5.98944832355138
-5.95078954674376
-5.9865824732684
-5.99565349815656
-5.96508646666438
-5.98712985149303
-6.00329732396676
-5.98048233873158
-5.99068726554605
-5.95520762014599
-5.96027416205012
-5.99965243851217
-5.97696144775557
-5.96388822441887
-5.98108152653016
-6.01063494020531
-5.99961367226364
-5.99061591324308
-6.00186826209869
-5.97709463454531
-6.00288208211986
-6.00394371472855
-6.01113162914917
-5.97834877166822
-5.99628000978586
-5.99708903819298
-6.00925695634188
-5.97954541273157
-5.99764792938979
-6.00228844889912
-6.00977006106455
-5.98937409481505
-6.00248356031445
-5.97033091499481
-5.99949995908952
-5.98062199321836
-6.00477014550493
-6.00457844662723
-6.01836517283595
-6.01094028785605
-5.99991347020593
-6.00152918330531
-6.00958144784911
-5.97047943724704
-6.00570640598357
-6.01671503175609
-5.99411400979369
-5.97296362463758
-6.00814223552402
-5.99685555833804
-5.99490363232523
-5.99611756622025
-6.00821089369279
-5.97803250447638
-5.99784861928624
-6.00235199141962
-6.00875474279496
-6.01083267692564
-6.00034156996089
-6.00695003220114
-5.98960302271128
-6.00358357268952
-6.00048318605951
-5.98182999609595
-6.01013457314072
-5.98980001797035
-5.97053736044037
-6.00876137403291
-5.98771230332913
-6.00901414150825
-5.99075199206435
-5.98254915832674
-6.00192217109401
-5.98007918479287
-5.99373044147048
-5.98349111752769
-6.00134614253808
-5.99113404949806
-5.99118984240813
-5.98418163037012
-5.9788656277101
-5.99791482609923
-5.98712618541927
-5.99510850740427
-5.99907850214709
-5.9938424200363
-5.99387274826185
-5.99510719697558
-5.99865484025307
-5.98834236680452
-6.01717552195948
-5.98043474611184
-6.01191388333599
-6.01252837178746
-5.98294894756002
-5.9846447518791
-6.01619860216172
-5.97274133410222
-5.99401635411828
-5.9920455935205
-5.99286903307133
-5.98289907332052
-6.00074480140413
-5.96820941302259
-6.0102268875873
-6.01251923049582
-5.96828995902665
-5.99968932630537
-6.01365016109268
-6.00296251336523
-6.01561940120257
-6.0033971100055
-5.98751292223828
-6.00874950866115
-6.0000943795275
-5.99801422984009
-5.97649998026684
-6.00440552499942
-6.01869017603162
-5.99037967720388
-5.99231838715364
-5.97535494504028
-6.00434842094905
-5.97399618073861
-6.00410908649988
-6.00010925309906
-5.98451338473505
-6.01998083720069
-6.00374122814416
-5.99829151040446
-5.99665154109209
-5.99252458303655
-5.98721245311535
-6.01789291980053
-5.97858581298888
-6.00127141417613
-6.00034016168776
-5.99206375515096
-5.99220919326556
-5.99899049618715
-5.98401077362944
-6.00384110661179
-5.99037738623228
-6.00518669244924
-6.0244236690339
-5.97578635145325
-5.98344312801168
-6.00303586835319
-5.99862775736994
-5.9959390517058
-5.97778931440607
-6.02897023761458
-5.96685685782525
-6.07521913615138
-6.06647028649589
-6.05053588383304
-6.02816726219704
-6.02613872676409
-6.00132219370153
-6.02854654074444
-6.01925444502032
-5.99264125228782
-6.01867278060364
-6.00316873216201
-6.00998281493447
-6.00320650364396
-6.01431257462983
-5.98427246872977
-6.00391319811062
-6.02981379010452
-6.00352441947191
-6.01023825672852
-5.98581706967431
-5.98530692343635
-5.98728955492193
-5.99889646903006
-5.99807041478919
-6.00030641141981
-5.99582513759169
-6.01081449024908
-5.99823747368584
-6.01024148286919
-6.00779243579182
-5.99905009044679
-6.01897687646283
-6.0117940804487
-6.00673103711463
-6.00482276833871
-5.99942586726929
-6.00567340307274
-6.00373612850827
-6.00645857845785
