Force
-2.92535694486734
-3.0271102504183
-3.04589078525465
-3.31677950121214
-3.33170368014167
-3.63586806329415
-3.83304730226308
-4.02879162893195
-4.28231208221367
-4.57104191050611
-4.84320528257225
-4.99382399812933
-5.13654908794331
-5.35181720572243
-5.49401632060352
-5.60225935722626
-5.61878854809242
-5.70415980352305
-5.75748410706419
-5.75883931869005
-5.79019988803546
-5.84483702506933
-5.83154587365536
-5.87039839800462
-5.96049279559767
-5.8942983547494
-5.8876903822908
-5.94760491705315
-5.9298748650718
-5.98772764062112
-5.95082856047723
-5.94655489198831
-5.97448528878471
-5.94233749299741
-5.9375939550682
-5.97368675235052
-5.93465958633566
-5.98890716879735
-6.03894751058731
-6.01665873660634
-5.97509450955776
-5.94761476229021
-5.97694819851503
-6.00294528483585
-5.98490773984431
-6.0185126990714
-5.98256688737341
-6.00733842486262
-5.92928948703435
-6.05977398665752
-5.98141798189696
-6.01166896277555
-5.97263799211951
-5.98498898239675
-5.97010803608269
-5.95192873473102
-5.98801262584263
-5.85719378866027
-5.98121778758743
-5.97822584969117
-5.98161198213555
-5.95316381457147
-6.01734696716007
-5.99950700226219
-5.99295867140024
-6.00491258993098
-5.95047341492509
-6.00265979952054
-6.03059143409993
-6.00327995685289
-6.01484173134266
-5.96986683101382
-5.95399090945035
-5.91143157760322
-5.96604352714613
-6.00967463800609
-6.00571928648571
-6.02664913807835
-5.96259354969478
-6.05060191469102
-6.04786319009505
-5.98014716247695
-6.00616241950946
-5.99470050854673
-5.96977011237327
-5.93052513869816
-6.00327482013115
-5.97227422866774
-6.00632819804713
-5.97661916609945
-5.96134609401434
-5.96773906439549
-5.96369508269505
-5.99821729429515
-6.0072509245461
-5.97225281653623
-6.02837547496901
-5.94504830105487
-5.99312409464366
-6.00115372064477
-6.00283293240586
-6.01396248281012
-5.98538348050906
-6.00775616562897
-5.9965371234815
-5.99514126474241
-5.98054321770553
-6.00160301371264
-6.01831052818866
-5.9738128024377
-5.97037549615398
-6.00321646662985
-5.99858037256479
-6.01978830278682
-6.00851590651958
-5.94850564798836
-6.00006450632535
-6.02646552109072
-6.0466576838682
-5.96080254864987
-5.95578202290834
-5.95221326609058
-6.04013886937723
-5.8608689560057
-6.01632397277216
-6.04515114503428
-5.98386389455509
-5.96968295201331
-5.96241832104289
-5.99399865029251
-5.96523941556673
-6.01470461127403
-5.98907588802488
-5.99024587112039
-6.01533089019544
-6.0056995235569
-5.99250849397761
-6.0075106034612
-5.98735539607371
-6.00180241616254
-6.00534087785439
-5.96276899195054
-5.98912051271829
-6.02115689103735
-6.00229235200708
-5.99571744013819
-6.00101765691779
-5.99416650796831
-5.98198673199227
-6.00371153541387
-6.00865961803862
-6.01095588433786
-5.9822875171053
-5.97715259723548
-5.99460759757683
-6.02964040253714
-6.03179564515254
-5.99712605810622
-5.98176293388094
-6.00012162444541
-6.00196608309491
-5.99186693359423
-6.00291609968014
-5.96991612785018
-6.00605012514675
-5.97404614691448
-6.0589443461359
-6.03526069267239
-5.99094740233546
-6.03110230898998
-6.05585213578929
-6.05828282352036
-5.98842759436721
-5.96549780111382
-5.9553621379663
-5.97471617488499
-5.93080664599207
-5.95290824216366
-5.96112907125635
-5.99089927799513
-5.99463376684601
-5.99074914981795
-6.00241913708813
-5.99639629167058
-6.04603088435524
-5.98843585297975
-5.97377577779235
-5.99758501433461
-5.98726155598015
-5.99559416165759
-5.99939638368872
-6.00444271177212
-5.94805560223698
-6.04250354149939
-6.00481736036602
-6.03206670046318
-6.00921526074773
-5.96130134054142
-6.01317807273063
-6.00565041576077
-5.99724402054922
-6.01076641219721
-5.9752417392414
-6.00744527144192
-6.01618775019456
-6.01023715306966
-5.99618275958264
-5.99518995566362
-5.99200014771001
-5.98977338017976
-5.99888832827276
-6.00150685558449
-5.99313376028381
-6.00532414133726
-6.00430154655793
-5.99901867352375
-6.00864784009605
-5.98876600576463
-6.01603828670209
-5.99538992472015
-5.99575293006
-5.98674052959115
-5.99537348075755
-5.99765113068196
-5.99059570797035
-6.00836734332313
-6.00119756701561
-6.00673056261858
-6.00420199317124
-6.00454825167086
-5.99823266716294
-5.99534990834158
-6.0010793933725
-5.99374015882852
-6.00155914844222
-6.00160488074838
-6.00515714784022
-6.01077813248821
-5.985873393589
-6.01828093110625
-5.98974892106932
-5.9987430581437
-5.98300627171846
-5.98055545105684
-5.9945730135724
-5.99960650790741
-6.00705357128301
-5.9968867602531
-6.00342119294058
-5.98175868594195
-5.99976152443946
-5.98772521114407
-6.00303833238908
-5.93532262231558
-5.82613389358746
-6.08587486718577
-6.31015253761831
-6.14953904462958
-6.06514135533749
-6.00721857513954
-6.02244130902395
-6.01103480439888
-6.00252396978398
-6.00317998272865
-5.99982959711642
-6.00275404002562
-5.99886112588382
-6.00232825908245
-6.00849684604417
-6.00593743404714
-6.00372021736073
-5.9969232299127
-5.99813752327408
-6.01147047396419
-5.99055839059236
-6.00205404047269
-6.0066820247894
-6.00744561848244
-6.00328523471155
-5.99145169127764
-6.00275167257688
-6.0030480617273
-6.00402980705387
