Force
-2.73838492696607
-2.88161337384954
-2.91084677865778
-3.17380465287223
-3.30598822818236
-3.80822455152781
-4.07175535823008
-4.6738384273179
-5.18497004536346
-5.35771364491277
-5.72110057215481
-5.86513746751671
-6.12994804066946
-6.30779917247547
-6.39322350010393
-6.55005186964679
-6.54959989976094
-6.65517501775433
-6.7148792712506
-6.7951932850185
-6.79095089064821
-6.84484221170472
-6.83740439212076
-6.87731469958984
-6.86543428614897
-6.88381966618347
-6.89238262459314
-6.90155409925283
-6.92919726569836
-6.93383264141309
-6.94896463599319
-6.93891642392623
-6.93995915563608
-6.95129025091491
-6.94469746954051
-6.96441476317495
-6.97476617839941
-6.97025283981346
-6.99172853987477
-6.97267344650167
-6.97452159979748
-6.96565439822843
-6.94768960293862
-6.93639138722358
-6.91017153993002
-6.9361637703617
-6.94321668736654
-6.94969934789509
-6.96398074631746
-6.96020829542538
-6.96971688275348
-6.9726256101029
-6.95194225858068
-6.95948216249154
-6.96474193821252
-6.98415042380512
-6.97804549203982
-7.00289343801197
-6.98721827085298
-6.99374787557275
-6.99743279553526
-6.98474959576593
-6.99015727340386
-6.98369305873158
-6.95928236275623
-6.97488809790044
-6.98726251337002
-6.9823056545321
-6.97728293227437
-6.96568266752616
-6.99229066526895
-6.98178905767086
-6.97234931017672
-6.99954691266631
-6.97354720743466
-6.99565594871331
-6.96728533283154
-7.00518041861577
-6.99781901123117
-7.0161104442231
-6.990963978792
-6.95936236432853
-6.9680220582338
-6.98221197229085
-6.98815057071458
-6.98114258577738
-6.99674174501673
-6.99050955765743
-6.96270512496732
-6.99748874027933
-6.97720140976556
-7.00272818521367
-6.99857578415103
-7.02048427797987
-6.98866322807895
-6.98518369499998
-6.99881179334132
-7.00344881851791
-7.02014726488022
-7.06648949621768
-7.05675343027577
-7.02368451171942
-7.00660359140917
-7.06743499614518
-7.0167712051719
-6.97517850922406
-7.00880710470598
-6.98356483811079
-7.00457211240097
-6.99451805278304
-6.99907162887221
-6.9957853964739
-7.00119016610381
-6.98482175177044
-7.0019765498724
-6.98683248537239
-7.00903370827303
-6.99007593109605
-7.01757293316578
-7.00400887421447
-6.97202293914739
-6.98680185328679
-7.00592333639558
-7.02107170998024
-7.01687834213385
-7.02860605571824
-6.99992251262892
-7.00398533292934
-6.98436574783765
-6.97658596865013
-7.03570996231207
-6.98713982573983
-6.97639700431814
-7.00743416356453
-7.02525354357739
-6.99821406799907
-7.01230371623812
-7.0058024282058
-7.00124960970013
-6.97947114821255
-6.99917842234204
-7.00864796783846
-6.98805265605233
-7.01758225984472
-7.00759207586788
-7.00545339488565
-6.98510910094137
-7.00403865834933
-6.9952944808696
-7.00483425849247
-6.99593866867733
-7.01949251029431
-7.00088666828961
-6.99486971893297
-6.99814820202699
-6.99225778448095
-7.02185497949332
-6.98934582645742
-6.98570162787805
-7.01476519869438
-6.97939937713141
-6.98954855668462
-7.00050791837744
-6.99629027623359
-6.99363832218487
-7.00083056872731
-7.00029873717171
-7.01036132039398
-6.99415991207224
-6.98809043974504
-6.99983428643913
-6.99824771503182
-6.9933353001911
-7.00395437565874
-6.99022523730562
-7.01507020893056
-7.01994981727636
-6.98915902973949
-7.00462363453057
-6.99810184094061
-6.99423513431451
-7.00037800243775
-6.99586052406514
-7.01981454557973
-7.00073242271933
-7.00403160204543
-6.98837258286005
-6.98333505553169
-6.99252542007925
-6.99622252846694
-7.0009168965592
-7.00258712783739
-6.9942581902246
-7.01026366949531
-7.00155574657682
-6.99633970103942
-6.99811546480993
-7.01136660538614
-6.9962127515993
-7.00769315626597
-7.00601298477482
-6.98331238825208
-6.99832231638551
-7.00493437486878
-7.00735981512871
-6.98355566050815
-7.01769135642026
-6.99395150671478
-7.00848225307304
-6.99454470772327
-7.01091141524856
-7.00224935483372
-7.00688673624171
-7.00810447088614
-7.00589901410092
-6.99397130870335
-7.01173769690154
-7.0072386005041
-7.00647497409062
-7.00494025705877
-6.99574328195183
-7.00265493239718
-6.99620054574705
-7.0032799933838
-6.99599661787425
-7.00460205120228
-6.99464640443829
-6.99183956326161
-6.99686667763802
-7.00097520782286
-7.00744106638239
-7.00308636114412
-6.99823007750797
-7.00360772979228
-6.9887472501893
-7.00699803369651
-7.00298603095354
-7.01274497635938
-6.9970897368475
-6.98162180741558
-6.99571094842205
-7.01603369482156
-6.99426938305117
-7.00937368389734
-7.0128801852671
-7.00048690577662
-6.99727217570115
-6.99507758276746
-7.00973110650223
-6.99388156757998
-7.00570432385709
-7.00708481225324
-7.01007558616219
-6.98822688387916
-7.00888470016269
-7.00452783826123
-6.99370493191426
-6.99994589416485
-6.99945468467506
-6.99130167648772
-6.99600691303907
-6.99176104510328
-6.99608153621143
-7.00428602806619
-6.99557695443395
-6.9802972124945
-6.98738769705741
-7.00246199558139
-7.00168365110135
-6.99483336921923
-7.00984395631976
-7.01583292834716
-7.00952255340808
-7.00435677125218
-6.9997603322134
-7.00837170081948
-7.01141145745676
-7.01066629395782
-6.99682604032357
-6.99632097561134
-6.99562064577161
-6.99728576966035
-6.99534654478683
-6.99275866203907
