Force
-0.188957880285411
-0.194741631744062
-0.212615716198409
-0.195486381286146
-0.205515636693991
-0.209651999638829
-0.588348101849356
-2.41399856450817
-2.60782357595425
-2.69859668557052
-2.833645919963
-3.88369452302022
-4.97831641250001
0
-5.49500192038027
0
-5.58599210413483
-5.70821816912433
-5.81097296400724
-5.8346760574123
-5.86309645700709
-5.93403221192153
-5.88915701442019
-5.95714520381587
-5.94132027611829
-5.97295274270463
-5.95000598671254
-5.9651072167374
-5.97311691619504
-5.96935364685212
-5.98207380145361
-5.97838121574217
-5.9926792613025
-5.96282084461248
-5.99125333528811
-5.95982967107302
-5.99034253173573
-6.02659527249736
-5.97173282514094
-5.9642413032306
-6.00385537273648
-5.98827685527331
-5.99330191540877
-5.99057175011184
-5.98858915447806
-5.99604340913713
-5.96827378993393
-5.99674133146882
-5.98068650361204
-5.97823263649873
-6.00237670167602
-6.00188039035958
-5.98371218328054
-6.0209028581245
-5.98327312919553
-6.00184328052138
-5.98688857503748
-5.99533235909045
-6.01598581658421
-5.98871603341478
-5.98248618293773
-5.99996960895851
-5.99330895137493
-5.97812230595082
-5.98980732176402
-5.98476861516959
-5.98419937029565
-6.03527587007853
-5.97333044423824
-6.00614308493658
-5.94603053648654
-5.99067427917083
-5.98116950054438
-6.03307793154348
-6.00214845350812
-5.97998084023379
-6.01928436187806
-6.01044843653199
-5.99720642269796
-5.99702443718722
-5.98588447475553
-5.99594168090446
-6.00827969698668
-5.98610131268611
0
-6.01171263284555
-5.97868499995341
-6.00158630296356
-5.99425456254829
-5.98466431033077
-5.9975511522268
-6.00944617984696
-5.96211688541497
-6.0048626746211
-6.01480960171813
-5.97703665764008
-5.99846173660644
-5.97435629043081
-5.97725322124302
-6.00797564176229
-5.99567298387901
-6.01374063616037
-6.02384872052107
-5.98537521717473
-6.00346175243783
-5.98430579499957
-6.07376412676384
-6.01086503086657
-6.01258795234931
-6.01473909697417
-5.99470446955329
-5.99611695853223
-6.00330998977953
-5.99591370495929
-5.99879228486832
-5.9968650140533
-5.99955892467558
-6.00890568914586
-6.00692510774745
-5.99682084437208
-5.99852060112878
-6.00815494266457
-5.99734655385975
-6.00343638265615
-6.00056448142689
-6.00033731892305
-5.99293174202274
-6.00935222120882
-6.01428855753996
-5.99729936831643
-6.00760710072378
-5.97926466611771
-6.05278514749805
-5.98717759551624
-6.01930680811296
-5.96417155903848
-5.97887006183743
0
-6.00420341691736
0
-5.98629526258911
-5.99472229165827
-5.98735908678558
-6.00495023585923
-6.00326785615536
-6.00532324909114
-5.99701122837459
-6.00372007564126
-6.00585445772336
-5.98231603728482
-5.99652245644623
-5.95914680559899
-6.00376904289496
-5.96644557424321
-5.9787298115835
-6.01906176936949
-6.01813082651947
0
-6.00036921724404
-5.97944770634061
-5.99728692748351
-6.01969781434844
-6.01663979638318
-5.96500528073046
-5.94195103436207
-5.89629837940897
-5.91183937748161
-6.02495418623039
-5.9900586318507
-6.03355775665192
-5.97024168765247
-6.02663318159753
-6.00715158602024
-5.99724188334427
-6.02849249841671
-6.01837480187891
-5.98695790058721
-6.01452448954017
-6.00750874108573
-6.00449161932685
-5.98403613733161
-5.98412523160917
-6.00761511428277
-6.00007847582457
-5.99625382045496
-6.0003555475524
-5.99520265937443
-6.0103968909618
-5.96188643198724
-5.93332688606651
-5.97501108894826
-5.93697952820902
-5.94659015826937
-5.96758710270185
-5.99655521796886
-5.96066348079867
0
0
0
0
-6.00087340251855
0
0
-6.01127466902902
-5.99076892836264
0
0
0
-5.9917498113017
-5.99202149088986
-5.99199269987841
-6.01256839115945
-5.98094114437828
-5.99631204580808
-6.00403495358992
-6.02878900176832
-5.97820777604105
-6.02134818964533
-5.98505487807401
-5.99805681429563
-5.97467952931558
-6.0141503887332
-5.99180193584514
-5.99882798049782
-5.98026340878207
-6.00985175286517
-6.01183542610321
-5.99464893757288
-6.00506850759933
-6.01305204282067
-5.98179681422081
-5.989077237962
-6.04747931700168
-6.01312545350988
-6.0068481133014
-5.98930758072283
-6.00166804284958
-5.99252797816269
-5.97904552748211
-5.98607681202122
-6.03139101457583
-5.97178134549977
-6.02396381638907
-5.98139237611204
-6.00840356120222
-5.99290103482352
-5.99410242679324
-6.00148957735397
-5.98881842896432
-6.01023583681888
-6.02511928925235
-5.9732868180572
0
0
0
-6.0018121868796
-6.02749490326518
-5.94203550626532
-6.01837597713319
-5.98572589478482
-6.00498678015631
-6.01378716862011
-5.98201138392233
-5.99913806917668
-6.0115714037425
-6.01442443613809
-5.96972258756619
0
-6.02194477042661
-5.9749739068337
-6.023100229653
0
-5.99336240522024
-6.01205523777659
-5.96674459643308
-5.9938617523341
0
-6.00187407093933
-5.9808892909279
-5.99559468820649
-5.99690486811167
-6.022864214707
