Force
-0.0704330855293792
0
-0.0646798102571596
0
-0.0686939828527066
-0.18358069357799
0
-2.23451685276622
-2.70993771297288
-2.93845566690664
0
-3.78268403944668
-4.21140108690473
-4.75109153559217
-5.19132236743202
-5.45755018152929
-5.55997905624026
-5.74801439711744
-5.84363287844671
-5.84036844490646
-5.88366131833387
-5.90227018681045
-5.91018112128135
-5.93098205462913
-5.94559375740789
-5.96516411967625
-5.98460917357336
0
-5.95668721592772
-5.9572877990919
-5.97906349384865
-5.96102655023196
-5.98075613579118
-5.98557746239567
-5.97009546604923
-6.00266719536442
-5.97075648885689
-5.99578585971376
-5.98054629758031
-5.99350208102172
0
-5.99027412375879
-5.98207458583433
-5.98967089763266
-5.99944895666981
-5.99144454636232
-6.00803700821884
-5.98091391701455
-5.99492905513546
-5.9672354878871
-5.98899916497516
-5.99863364406968
-5.96507389575209
-5.9731515508
-5.91475192011997
-6.00485917510473
-6.0055381323777
0
0
-5.98632757490393
-5.99008227420792
-5.97033588330971
-5.99144517267704
-5.9819300783742
-5.9836802860814
-5.99789374224659
-5.99993646111482
-5.98310028644885
-5.99758920993987
-5.96356517080144
-5.99010133116379
-5.99629765823106
-6.02477276435513
-5.98274752257167
-6.00961941428368
-6.00576917546664
-5.9857834723714
-5.99320120329807
-6.01036569860755
-6.00951501518537
-5.98932869343785
-6.01237738308672
-6.00142482496166
-6.00523043476128
-5.99963873196584
-5.99381149944964
-6.0152495904835
-5.99484880217901
-6.02338135170114
-5.95789069092643
-5.99688597574778
-6.00148347933819
-5.99109443960388
-5.99736242105248
-6.00008545742547
-5.9870419738191
-5.99982386227941
-5.99904225223558
-6.00376287872682
-5.99174782272889
-5.98354634522871
-5.98283755219313
-5.99073961807721
0
-6.01703115452306
-5.99224728049711
-6.00810780477058
0
0
0
-5.98781088915205
-6.01981421185793
-5.99122163568858
-6.01486905425781
-6.00859352548544
0
-5.99411109337595
-5.99793985918885
-6.02070191895747
-6.0005173705056
0
-5.99038849881362
0
-6.00712290471875
0
0
-6.00115966749186
-6.0387447986456
0
-5.98109710100346
-6.0047719366973
0
0
0
-6.00392931196796
-5.97957046305922
-6.00753471550179
0
0
0
0
0
0
0
0
0
0
0
0
0
0
0
0
-5.98816838432411
0
-6.00175771692994
0
0
-5.9926616720509
0
0
0
-6.0042670708439
-5.99311978375337
0
0
0
-6.01203223284866
0
0
0
-5.98188386244369
-6.07112669648422
-5.99840306969176
-6.0071793914368
0
0
0
-6.00769532499799
0
0
-5.99655944718736
-5.99215715207009
0
-6.00590492596654
-5.99529606582335
0
0
0
-5.99509193129043
0
-5.99219316417803
0
-5.99562818130963
-6.02014889274137
-5.99876560460986
0
-5.99943573068963
-5.99362419953154
0
-6.00411812985216
-6.01152429977546
-5.98390469926296
-5.98252638380544
0
-5.9919771680092
-5.99709050862419
-6.00074700998032
0
0
-6.01638081195678
0
0
-6.00535846888843
-5.9936828282482
-6.00387139540118
-6.00851032905401
-5.990642825523
-6.01619460671341
0
-6.01138877862824
-5.98561355086295
-5.99400617260654
-6.00451441389242
0
-5.98733650524004
-6.00218030882386
-5.9944972530731
-5.98895888295739
-6.006360750463
-6.00651035294779
-5.98619105052991
-5.96513326208183
-6.00550877001204
-6.00159118311895
-6.00109349187612
-6.01373469841939
-5.994481949744
-6.00241230137849
-5.99757933883635
-5.98856050275146
-6.01047751217734
-6.00308545860545
-5.99144483458262
-6.00989041205692
-5.98954976143367
-5.98752851462331
-5.98907972165525
-5.98738171847447
-5.99077769601242
-6.00626206222979
-6.00318861088314
-5.99885739142653
-6.00819206333999
-6.00303851116306
-6.01222890136836
-5.98024486217884
-5.99348427857047
-5.97825030358556
0
-6.00703430606832
-5.99681553393409
-6.0005792957021
-5.98673764918577
-6.0074409681462
-5.99747458616605
-6.01372082072936
-6.00032676036104
-6.00964122146834
-5.99722342157767
-6.02397718532886
-6.00970066276308
0
0
0
-5.99012379540272
-5.99689114270732
-6.02288109234422
-6.01782070598729
-5.97879401941837
-5.99253672694652
-6.01224302779524
-5.99792027714293
-5.99378711825976
-5.98951956207059
