Force
0.135528711493819
0.134268206234261
0.133482908050285
0.134327626900262
0.130561469228109
-0.948596158026013
-2.62337061285025
-2.75235887315251
-2.87613897626471
-3.02813177699923
-3.14828784394586
-3.31371241907959
-3.47409680613327
-3.87541210355197
-4.09411056843651
-4.37161498673436
-4.40013389973756
-4.60733290893194
-4.69218925758248
-4.72517324202924
-4.78755716093365
-4.84883785809503
-4.88180951850397
-4.89818344067772
-4.89992152240033
-4.91157044959716
-4.92009082814501
-4.92631755863879
-4.97282865468188
-4.97496368602281
-4.97393954126634
-4.96874330753125
-4.96268130805608
-4.96929289910925
-4.97949417180049
-4.97228600043404
-4.98817523066032
-4.96287579986484
-4.99378725367794
-4.98182169139417
-4.98891169347147
-5.00003624603819
-4.99871902108803
-4.99775716502749
-4.9943715120565
-4.99112483092546
0
0
-5.00120461927301
0
0
0
0
0
0
0
0
-4.99706588456516
-4.99400203095569
-5.00088805645879
0
-4.99467881425119
-4.99996674511791
-4.99907502025026
-5.0087915806248
0
0
-4.99358078383844
-4.99752949389933
-4.99316004515088
-5.00179668692367
-5.02307214424358
-4.99642205321159
0
0
-4.99863093674785
-5.00225582999972
-4.96700451881127
-4.97658292115201
-4.99109362477039
-5.00260534174379
-5.0010576156236
-4.98547467432333
-4.98553721840134
-5.01788850199021
-5.02525064588123
-4.98334008270094
-5.01699256930084
-4.99596528127008
-5.00044197926245
-4.98657342888232
-5.01779535772219
-4.99464688362362
-4.9856984672012
-4.99634958207944
-4.99228066479583
-4.98696528617062
-5.01371555817503
-4.99427366044761
-5.0055537194129
-4.9891910691987
-4.99351185980359
-4.98935631911929
-5.00652585459674
-4.99872661842269
-4.99871251583517
-4.98428247214714
-4.9939206714824
-4.99522224635742
-5.00132849144885
-4.99573120635741
-4.99104707852483
-4.99403722204626
-4.99075657117211
-5.00757633133975
-4.99668742412836
-4.994481469802
-4.98346158535657
-4.99315764313665
-5.00694660561882
0
-4.99645577606235
0
0
-4.95235941223182
0
-4.98392841555076
-5.00739981000537
-4.99614890514009
0
-4.99008045923047
-5.00986903086784
0
0
-4.99000913027182
-5.00332763472305
-4.99011828717065
-5.00669252514897
-5.01126504064075
-4.99479204605454
-5.00831394292682
-5.00754099524041
-4.98609347284714
-4.98495863360328
-5.01207195377595
-5.00127743101628
-5.01080889458881
-4.99960732162722
-4.99825822230948
-4.99973504160039
-5.00289496424993
-4.98934331402842
-4.99366417351401
-5.007492022639
-5.00156772161262
-4.99555056761091
-4.99697476743475
-5.0007041691226
-5.00044836740553
-5.00627093026806
-5.0086017980187
-4.98651806790626
-5.00073846521139
-4.99882381941172
-5.00386096288566
-4.99465122238943
-5.01012676192362
-4.99279909895962
-4.99839211937235
-5.00252190263529
-4.99875357204047
-4.99552751749692
0
0
-4.99410437963004
-5.0012626871393
-5.00455030412366
0
0
-5.01809803111686
-4.99240281891009
-4.98608003514122
-4.99500120014612
-4.9947587839157
-4.9936637285324
-4.96335317108086
-5.00946697171836
-5.00358188442612
-4.9902102428994
-5.00282690037727
-4.99892433115984
-5.00707886961946
-5.01145412463084
-4.99820948815403
0
-5.00692953288298
-5.00875776984491
-4.99406299015323
0
-5.01136033537988
-4.9899556386155
0
0
-4.99658432748795
-4.99748459142343
-5.00527354614817
-4.98831580584783
-5.00086459993131
-4.99339780013605
-5.00279433434259
-4.99192126183599
-5.01585992279031
-4.9910096979441
-5.00401346877861
-5.00371063257241
-5.00195233705224
-4.9968782761108
-4.99986015832978
0
-4.99945869549157
-4.99365289180462
-5.00882943372355
-4.99305133106128
-5.00742176893117
-5.00100543338839
-4.98674501480385
-4.99941740718955
-4.99828674704775
-4.98847375247436
-5.00666321380812
-4.9948902542488
-5.00599465201948
-5.00207836908606
-5.00340068179874
-5.00526543172547
-4.99232337406291
-4.99334678376737
-5.00026160981893
-4.99921789379073
-4.99616889786654
-5.0030800197815
-5.00694342695155
-5.00903697974884
0
-4.98708006830209
0
0
0
-4.98773498023394
-5.00051619094443
-5.002517625038
-4.99006698060072
-4.99490884829141
-5.02181225219956
-4.99621519450629
0
0
0
-4.99709295995445
0
0
0
-4.99813360064511
-5.00727118445801
-5.00044933589152
0
0
-4.99926149884531
-4.99236862945297
-5.00231452613612
-4.99454510462399
-4.98997603259846
-5.02018912194889
-4.98104457557195
-4.99420399517828
-4.99095668329004
-5.01230233328976
-4.98967170015533
-4.99713531171666
-4.98425711922015
-5.01981794989775
-4.99425663631277
