Force
-0.101697882248969
-0.1177641537003
0
-1.34752785504003
0
0
0
-2.47223749018466
-6.94185296222027
0
0
0
0
0
0
0
0
0
0
0
0
0
0
-6.9773084732357
-6.96441641821213
0
0
0
0
0
-6.99351406579742
-6.99863628562949
-6.97747135683398
-6.97108213151765
-7.11771241624797
0
0
0
-7.00294429078516
-6.98278930060872
0
-6.97300806759956
0
0
-6.85140402144436
-6.93156767012896
-6.91243855642316
-6.94246432865813
-6.96086494465821
-7.00661866009774
-7.02477047379639
-7.01764060205536
-6.97503818817774
-6.98217056394527
-6.97862757930326
0
-7.0087086949739
-7.01252664588585
-6.99096446577656
-7.0093048306568
-6.99467180287697
-6.99853333828531
-6.99553167428312
-7.00536069103009
-7.00281855229132
-7.0135720840267
-7.00687657206291
-6.99176611333169
-7.00512800223524
-7.00344148324459
-6.99484086772741
0
0
-6.97308727437786
-7.01836926582097
-6.99413164610857
-7.01508900982173
-7.0028678174999
-6.99566750076084
-7.00815969595934
-7.0022206565397
-6.97915995952027
-6.99441609177648
-6.99515842766823
-7.0262985876438
-7.00171267645697
-6.99321445640911
-7.01482053340996
-6.99465690656301
-6.98762829538956
-7.01452272023154
-7.00340770833485
-7.01052525915974
-7.00725340861734
0
-6.99337095906998
-7.0027984933653
-7.00707620260262
-7.00659369504206
-7.00757907197328
-6.98370003898124
-6.99600194872516
-6.99248787375052
-7.01631304407938
-6.9992457988321
-7.0005739683764
0
-7.00984543534656
-7.02349001250609
-6.99175699291045
-7.00375883954338
-7.01251369045549
-6.98705905083391
-6.9868465130584
-7.01390176433309
-6.99737374013389
-7.00530252708227
-6.99801749003107
-7.00013572679109
-7.00259241956716
-7.00713763371169
-6.99321354720809
-6.99649112831206
-7.02509739574047
-7.0162362299269
-6.99553526217891
-6.99946764716474
-7.00596635674844
-6.99861732881913
-6.99229898868603
-7.00070018309155
-7.00153844807206
-7.00232968158303
-7.00237574597259
-7.00402267673255
-6.99636910644746
-7.00170692690991
-7.00400863583255
-6.9897389340418
-7.00464230035334
-7.00083928607902
-7.01779823432553
-7.00551237525077
-7.00120830273456
-6.99007679727713
-6.99857477285338
-7.00577691115894
-7.0051714821615
-7.00020185248371
-7.00347697791343
-6.99804509595278
-7.00263362453364
-6.99255555886523
-7.00426645585757
-6.99216982789346
-7.00918103776646
-6.99668377816386
-7.00030155640942
-6.99883062529889
-7.00610787866825
-6.99682394294343
-7.00657745168857
-7.00534547449853
-6.99560928551794
-6.99893497668594
-7.00686234016036
-6.99703656335429
-6.99991737051472
-6.99415003480021
-6.99934778257945
-7.00719361540405
-7.01040566840978
-6.99685037052836
-7.00435388609621
-6.97595279939359
-6.99532382465041
-7.01902445105409
-7.00501904720115
-6.9977088451377
-6.994448481581
-6.99668282893929
-7.00465300687539
-6.97760463952474
-7.00835867347588
-6.99244422158719
-7.01612806360082
-6.99403744127713
-7.01539499749296
-7.00231968681644
-6.99761744913245
-6.97827997789459
-7.01689784065967
-6.99807171163588
-6.9985025072624
-6.98252836364142
-7.01058614584877
-6.98480818691984
-6.99515775106991
-7.00714942630929
-6.99320630002301
-6.99518246350322
-7.0003937433492
-6.99336192276534
-7.00667319914659
0
-6.98537081891737
-7.00489002773241
-7.00781402931154
-7.00555774615783
-7.0002482031656
-7.00210238530166
-6.99571565921958
-7.01546150278156
-7.0049435637524
-6.98806241128862
0
-6.99321466991546
-6.99457357763651
-6.99692837610547
-6.99996475576734
-6.99785122978035
-6.99077095712654
-6.99600002768838
-6.99709468016405
-7.00074210987507
-6.99296850164271
-7.0075933282176
-6.9926606589674
-6.97544809002617
-6.98345466999591
-7.03603390857281
-6.95513604441974
-6.98873872295299
-7.00466010161183
-6.92473520784461
-7.0150256562428
-6.99196015537608
-7.00785022625184
-6.98721383658293
-7.00671415238881
-7.00136376805561
-6.98800681840355
-6.99762521994567
-7.0084666085443
-6.99060382228701
-6.98917891905558
-6.99425570991347
-7.00075337606486
-6.99848129909547
-6.99805733369327
-7.0015983685001
-6.99383688149413
-6.99061592044362
-6.99990671077748
-6.99673794202649
-7.00740708947899
-6.99350837489647
-6.997840681572
-6.9808490285433
-6.98979582828951
-7.00601938656346
-6.99348002257735
-7.01037211936873
-6.99943810795742
-7.01068942615583
-6.98771510152791
-7.00698855252554
-6.98395177438262
-6.98470783133414
-6.99700091484734
-7.00594669845123
-7.0090752871936
-6.99832064501164
-6.99456342085021
-7.00432716772305
-7.00732130047646
-7.00076856428463
-6.99601618442801
-6.99320908940656
-7.00163050793028
-7.00671660358032
-7.00575402478404
