Force
-0.0820899968882594
-0.0733212940558011
-0.0765404536705399
-0.0667478438171013
-0.072456481034929
-0.0760311328621524
-1.90547994584764
-2.35465396386365
-2.93219636909434
-4.11182804298084
-5.2882917878941
-6.42234842021538
-6.9143616689527
-7.35297910154526
-7.60291760064364
-7.72077766211573
-7.84125863908514
-7.89695069938961
-7.91942196983862
-7.96509512227414
-7.96448829836289
-7.95368451480938
-7.95115236733452
-7.97846456160686
-7.97849545838634
-7.98715715352794
-7.95659182937159
-8.00661777270122
-7.97650853087637
-8.01743567401766
-7.9627431367998
-7.99413162032007
-7.99998802371512
-7.98864681751057
-7.99584061701249
-7.99533643872423
-8.01013253161794
-8.03287470755246
-7.97318167609886
-7.97300338492017
-7.99678509346894
-7.99002428285204
-8.01536962069039
-8.00157419197549
-7.97264907185192
-7.98713738959867
-7.98766696765861
-7.98478503240534
-7.98305594572639
-7.9958545874698
-8.0025648660396
-7.98910979300271
-7.99346871979222
-7.98561850908153
-8.0050039483476
-8.01045412064174
-7.9986581943531
-8.0025689733492
-7.96981196035161
-8.02258838199093
-7.99347740091737
-7.99723536533113
-7.98720010475924
-8.00293404145948
-7.99932499282151
-8.00260196611777
-7.98515947533638
-8.02470957244556
-7.99311176562247
-7.97980664802403
-7.99129582255616
-8.00316077987327
-7.98258368137944
-7.99405744177781
-7.99974247542266
-7.99570473394039
-7.96215774532392
-8.02069068095419
-8.00787865139773
-8.0053608748994
-7.98405278762632
-8.01405523568514
-7.98927197023045
-8.00518039661386
-7.99012403269028
-7.99667070742753
-7.99360731353038
-8.00378776704819
-7.98465294680173
-7.99824706591731
-7.99559555202654
-7.99861250057
-7.9956199761252
-7.98967695606334
-8.0053670364468
-7.98919447260028
-7.98788967153375
-7.99683439801678
-7.98560972212914
-8.00896472569183
-8.00515048080661
-7.97972444203252
-8.01870189990129
-7.97876893054307
-8.00362759649031
-7.99875850866321
-7.99062985540616
-7.9906409847911
-8.00938239337582
-7.99132694524349
-7.98959676655529
-7.99154955121086
-8.00200586977646
-7.98770860562896
-7.98880422635202
-7.99746235740184
-8.00068466559729
-7.99582053283213
-8.0129310271753
-7.98847106366223
-7.96950591279682
-7.99353553767368
-8.01341214145512
-7.9949365798576
-7.99270504134781
-7.99774259573158
-8.00237062388401
-7.91966235029156
-7.97779510289345
-7.98718766850942
-7.98719925407443
-7.99531068674863
-8.00965223521378
-7.99363183791867
-7.98936375503586
-7.99611637955536
-8.00411601194778
-8.0185657456031
-7.99691851016123
-7.98365187899793
-7.99720920787175
-8.00435473465758
-8.00295141631055
-8.01105008312694
-8.0065550197116
-8.00358685766361
-8.00874719437149
-8.00473484836178
-7.98721347400149
-8.00921917719709
-7.99323330728604
-7.99811908161235
-8.00717059019751
-8.00632993591368
-8.00272664048561
-8.00397839518986
-7.98636079016263
-7.99464727888153
-7.9871029565917
-8.01823721491664
-8.00251095327447
-8.00901800347704
-7.99405282100844
-7.99292733176085
-8.01844457062337
-7.99475854859251
-7.98068456969881
-8.00488800876235
-7.99894191965235
-8.00794883536969
-7.98807071372846
-8.0145716010265
-7.99135947311805
-8.01621044421203
-7.9902038265702
-8.01103621770995
-8.00447490400401
-7.98596077129269
-7.99076489888578
-8.00458267715952
-7.96956475772343
-7.89684879512125
-7.92523144758474
-7.9896830168224
-7.99644427796858
-8.0083662268445
-8.00650190006918
-7.99051570773057
-8.00610538638917
-8.01161197231281
-7.98967655820097
-7.998851507403
-7.99853676071884
-8.00480680268757
-7.99235703612935
0
-7.99628206351902
-7.99666083525381
-8.00319171796755
-8.00053503148458
0
-7.99650173892408
0
-8.001239489043
-7.99864639088888
0
-7.99195077744781
0
-7.99741293052059
-7.99536268908714
-8.00401116353767
-7.99728264744808
0
0
0
0
0
0
0
0
0
0
0
0
0
-8.00400333132482
-7.98507405955503
-7.99973263925681
-8.00940066699251
-8.00032115264439
-7.99811699348044
-8.00322394966478
-8.00835592053862
-7.99412372003212
-8.00505887930969
-7.99748556220091
-8.01053136194746
-8.0010451954238
-8.01408139489048
-8.00941578028716
-7.99816557929782
-8.00361090398544
-8.00908374572468
-8.00292288195072
-7.9935653717543
-8.00337563493635
-8.00540504760355
-7.99359480612612
-8.0038344667816
-7.99171545144071
-7.99191995143172
-8.00022051370066
-8.0039214882362
-7.99532941066292
-7.99288874410881
-8.00302363575258
-8.00661559924503
-8.00444721901927
-8.00617385611467
-7.9876978150655
-7.99326481232398
-8.00420495028366
-7.99509813851604
-8.00841807711339
-7.99779764332286
-8.00160076574706
-8.01009669254859
-7.99427116965136
-7.99150997702309
-8.00151078993329
-8.00366552591928
-7.99421006090951
-8.00644450069944
-7.99680518670305
-7.99651867399359
-8.00459377744148
-8.00476802434587
-8.00393530347641
-8.00345149439929
-7.99340220632581
-8.01338628125744
-8.00189848065197
-8.0020094247061
-7.99952451435072
