Force
-0.0367088935668164
-0.0332073180527792
-0.0358853431229582
-0.0326758882774061
-0.0290010382281423
-0.0339836117368896
-2.21765759266377
-2.86683992592792
-3.33470471186212
-4.51780771613818
-5.85584639208633
-6.66220179084089
-6.99387330872951
-7.4839964450762
-7.60224096729205
-7.83830273708515
0
-7.86912312059467
-7.88275934179242
-7.8886696338877
-7.94638940009886
-7.954339470462
-8.03032279371299
-7.95659000538124
0
0
-7.98826898513818
-8.10507884768836
-7.94868814587175
0
-7.96621458954067
-7.99826264679706
-7.93535502119721
-7.9791433822783
-7.95679978545448
-7.97957032216407
-8.00594415922613
-7.97166848844712
-8.02142574376338
-7.96298314496736
-7.94616135445767
0
0
-8.00040948388699
0
-7.98475153412919
-8.00405816736215
-8.00499612376316
-8.01884456830005
-8.00012504517326
-7.99673228842392
-7.99367695278361
-7.99183852294364
-8.00665453956798
-7.99598766118424
-7.99800694648849
-7.99690654910303
-7.97980832786066
0
0
-7.96675063971292
-7.99788134503629
0
-7.98711661153736
-7.99520931934773
-7.99061697109474
0
-8.04545729417836
0
-7.96377307675197
-7.98805103064243
0
0
0
0
-7.9743521049661
-8.01098942634628
-7.99023721386801
-8.00630536082642
-7.98196918478677
-8.01424828134236
-7.98690864904543
0
0
0
0
-7.98888280066324
-7.99532492269595
-8.00421754977628
-7.97115682019745
-7.98042121968516
0
0
0
0
0
0
0
0
0
0
0
0
0
0
0
0
0
0
0
0
0
-7.9567541338748
-7.95190962591299
-7.93458346682221
-8.00655341514062
-8.02026823617033
0
-8.01039193892535
-7.98808981974631
-8.01744675349407
-7.98786897529296
-7.96600742667015
-8.0040459179969
-7.97530136255164
-8.00593148787444
-7.98351678988522
-8.00461898213517
-7.99175102040207
0
0
0
-7.9761638620223
-7.97045965295591
-8.00356263308441
-7.96290172558012
-7.99475583126296
-8.00742280936803
-7.99637083059228
-8.0096670260246
-7.99601889903328
-8.00008519935934
-8.00277107030814
-7.99644214779464
-8.01497109216447
-8.0085456856595
-8.00280195626327
-8.00305595178109
-8.00371872216344
-7.96748879689749
-8.00959734858342
-8.00557031391483
-8.00970675446059
-8.0005904744615
-7.99548285273272
-7.98958996115545
-8.01344827653041
-8.00315524457799
-7.98674709641621
-8.01631635347342
-7.98460512221166
-7.99160378721747
-7.99840977942174
-7.99276281104778
-7.96900668824738
-7.99661850590694
-8.01817070356115
-8.00602651824123
-7.97492157569806
-7.99917518994464
-8.00229122237598
-7.98738761288847
-7.9902650894399
-8.00927313105688
-7.99675176564264
-7.96978044248752
-7.98249540874312
-8.003564088993
-7.98502458116089
-7.98965220003908
-7.99283443325089
-7.99581830408348
-8.03050324259885
-7.99751989548828
-7.99354050669224
-8.01259644809099
-7.98487893346702
-8.00290197595496
-7.99130862347579
-7.98989252187677
-8.00891309525117
-7.99848482488887
-7.9908166126039
-7.99745870579237
-7.9885558759974
-8.00541230127901
-7.98772576658475
-8.00209182450372
-8.00416580618435
-7.99653180987862
-8.01274484128504
-8.00464151263812
-7.99382537180854
-7.94718657118122
-8.04096597223048
-7.98141111120213
-8.01772935009439
-8.01844874664333
-7.96872034155764
-7.98280919648768
-7.99199658841435
-8.00190922391512
-7.9940208327288
0
0
-7.99291238872057
-8.00184365159508
-8.03052015872166
-8.0270741470267
-7.98788850208904
-8.02031451199052
-7.98897767593594
-8.03254221644569
-7.99761012357861
-7.99730935643821
-7.98671165740777
-8.07855609026048
-8.00922899701632
-8.01317040341997
-8.00703023715573
-8.00115750832316
-7.98449016519622
-7.98291361077943
-7.98088215258355
-7.98868379479896
-8.0017196137324
-7.99674849853123
-8.01733392650246
-8.02393148208738
0
0
0
0
0
-8.00617243056045
-7.9979728672676
0
0
0
0
-7.99988041985176
0
0
0
-7.99888400930704
-7.99693590319986
-7.99962213213655
-8.00581158065222
-7.99413463020375
-8.00563170715322
-7.99966134188711
-8.00568189079599
-8.00237476275582
-7.99476241123147
-7.99104861845458
-7.99553808948682
-8.00387592002972
-7.99197189287702
-8.02076865162037
-7.99248365521049
-7.98893303364951
-8.00196514523361
-8.03247435022488
-7.97675026313526
-8.00501681278252
-7.99719355460579
-7.98841434597993
-8.00304477922562
-7.99202196059903
-7.98244560319841
-7.9987973736757
-7.99356057436849
-8.00498760453315
