Force
-3.9586818264831
0
0
0
0
0
0
0
0
0
0
0
0
0
0
0
-4.16117634829595
-4.40221598571186
-4.5002427077757
-4.6300728128225
-4.74395756966082
-4.78203550534811
-4.8582670406003
-4.87133241012013
-4.9052715313341
-4.9231820271347
-4.93423471814117
-4.95063208210076
-4.97175364431188
-4.96784638200199
-4.97390255203524
-4.98113815077083
-4.9930917314314
-4.97429049805967
-4.99070045612102
-4.97921491264424
-4.99404536753814
-4.99317420012757
-4.99360694985263
-4.98986701765483
0
0
-4.99230604881368
-5.01079123989385
-4.97815876763331
-4.96997431469889
-4.98108103466875
-4.99231814131014
-4.99153557448745
-4.9980404039871
-4.99432365011953
-5.00189293397081
-4.98477833550436
-4.99841639803708
-4.99102089596095
-5.00529895873441
-4.99358427016976
-4.98833405465597
0
-4.99907901983965
-4.99441400186517
-5.00078668486812
-4.98519946739562
-5.00343414422021
-4.99597503990309
-4.98513090373042
-5.00132576424245
-5.00171653543724
0
0
0
-4.99369448550319
0
-4.9970170536509
-4.99211618988278
-5.00279772203315
0
0
0
-4.99372705601442
-5.00754950309971
0
0
0
0
0
-4.99514969203682
-4.99915745439835
-4.99240077832384
-4.9971629133984
-4.99813793498635
-4.9934415835057
-5.00022348206533
-4.99527595947356
-5.00723489477257
-4.99998551769668
-5.00005940913503
-5.01049128470919
-4.98769080495522
-5.01271970928829
-5.00168345600561
-4.99497889829876
-4.99995184522651
-4.98105265406216
-4.99359577570302
-5.00104252754038
-4.99664655793229
-4.99052651541814
-4.99633068760223
-5.01271963767863
-5.00640231576321
-4.98577691817635
-4.99616608141096
-5.0020278348353
-5.00273528245335
-4.99247693393451
-4.99905260592829
0
-4.98326248870559
-5.00212635771267
-4.99592201264717
-4.99302705682475
-4.99052746017429
0
-5.00098396902023
-5.00021929972207
-4.9921325631094
-4.99234243598269
-4.99170404963543
-5.01240581713323
0
0
0
-4.98837237831966
-5.00619143349961
-4.98142455504159
-5.00639211783633
-4.99938831749705
0
0
0
0
-4.98917815934644
-4.99143110645392
0
0
-4.997945120201
0
0
-4.99933341247175
-5.00615889483138
-5.00653942562741
-4.99970237283111
-5.00232931355517
-5.00173550130268
-5.00216401249059
-4.99613924410229
-4.99034833230643
-5.00075334564008
-5.00152657195996
-5.0098220227177
-4.98768743597897
-5.00376965719652
-4.99610758252282
0
0
0
0
0
0
0
-5.00115956324142
-5.00285178934724
-4.99968832297474
-5.00862313200104
-4.98601345356573
-4.97784648233222
-4.986999109934
-5.0085529190761
0
-5.01353783170043
-4.98892835486909
-4.98682883135911
-5.00635960510944
-5.00651694865979
-4.99928051323873
-4.99687757581767
-5.00387866446721
-4.99778696482841
-4.98463097334416
-5.00347805197949
-5.00353928964452
-4.9906355158284
-5.01399203602529
-5.00972889667557
-5.00272470652814
-5.00515562858951
-5.00637016744291
-4.97613525454452
-5.02214741446248
-5.00552283964584
-4.99427902799202
-4.99605349671265
-5.00559872528853
-4.99275781487665
0
0
-4.99718899087625
-5.00666439200807
0
0
-4.99590869051014
-4.99733829907869
-4.99475964013547
-5.00769405606493
0
-4.99625190725776
-4.99351566801096
-4.99649078263905
-5.01115089359127
-5.00037573817523
-4.99655197351213
-4.99792995462464
-4.99020603541371
-4.99790255639632
-4.99616491001229
-4.99204455757574
-5.00325642255214
-5.00664799304699
-5.00941214805284
-4.99751661630964
-5.00841402311731
-4.99115579041754
-4.99335290652524
0
0
0
0
0
0
-4.99760147900266
-5.00944874483032
-4.9983454817023
-4.99588151696005
-5.00293583167938
-4.99518426203895
0
0
-4.98600452166388
-4.99821125997576
-4.99320372587856
-4.9892817953785
0
-4.99809580245715
-5.00173096254015
-5.00111534114754
0
-5.00049368292461
-4.99883443890523
-4.98486911698728
-4.99364020855785
-4.99961649437129
-5.00806162708246
-4.99319169919084
0
-5.01307591939938
0
-4.99026165733581
-5.00743915251087
-4.98860966083222
-5.00287036378807
-5.00988566703665
-4.99464470893273
-4.99439476793738
-4.99579735296
-5.01068271519056
-4.99034010293744
-4.99339360059363
0
-4.9974762290065
-5.00179387247726
-4.98671318003451
-5.00179926418326
-5.00759256290122
-4.9886774726255
-5.00495364548036
-4.99337940346802
-5.00364757841191
-4.99185013910032
-4.99499389894636
-4.99822751433511
-4.99837970774465
-4.99974222880902
-4.99389557462554
-5.00117478831214
-5.00152455382873
