Force
0.19865600028197
0
0.192923302318481
0.201049187585225
0.204758931897472
-1.03428396425738
-2.57348790506815
-2.78641483348169
-3.41235650823249
-4.32798764505058
-5.15727501718347
-6.44580865232633
0
0
-6.64195335389918
-6.69434456600435
-6.81643324932909
-6.86323358174274
-6.87544659790489
-6.89927259600444
-6.94914450947994
-6.9408030335026
-6.94197155266528
-6.95400089631939
-6.95841043132116
-6.96361508714204
-6.97900116235135
-6.95977296758929
-6.98564921749963
-6.99244576858924
-6.97940632902778
-6.97688623126751
-7.00733104117602
-7.00373486726932
-6.98339099535706
-6.98698998477441
-6.9796322463607
-6.98929441273736
-6.99308092990357
-6.99108349744066
-6.99961361843832
-6.99681419808909
-6.99317566686411
-6.986247748641
-6.99547544566542
-7.00060313723158
-6.99092832805172
-6.99398211039424
-6.99064655903115
-6.99764144390007
-6.99358671419991
-6.99103547413113
-6.99679311837307
-7.00660028834488
-6.99030590450204
-7.00373275050519
-6.97399962349217
-6.99289552797954
-6.98373875108559
-7.00214832036817
-6.99941236226852
-6.95526310853327
-6.98039575440732
-6.99273378386411
-7.00280880579611
-6.99193104583406
-6.98662545136689
-7.00038547963869
-6.99580307802918
-7.01247978179631
-7.00134360686233
-7.00706362945528
-7.00705544193566
-6.98039205892562
-7.0202934933104
-6.9817939585497
-6.99611855303826
-7.01163858453371
-7.00124103928157
-7.00012429110417
-6.99730668927583
-6.97048381238497
-6.97838591343634
-6.97315403004195
-7.00102719203579
-6.99912596161461
-6.99244530530193
-6.99755286417771
-7.00822417371878
-6.99473602476944
-7.00478233292222
-7.01837078740742
-6.98527651736842
-6.99343160780855
0
0
0
0
0
0
-6.99102914621226
-7.00082086838854
-6.99998311291809
0
-7.00302178338554
-6.99627322566712
0
-6.98292614174275
0
-6.99858524154092
-7.0003569000833
-6.99834994791023
-7.01223527897543
-6.9893349133167
-6.99014343737029
-7.00605803526722
-7.00919333413414
-6.99640882961831
-7.00734205648614
-7.00085043324104
-7.00408616432098
-6.9870839559971
-6.99758075348312
-6.99496968869677
-7.00886378863321
-7.00699728745422
-6.9899665279225
-6.99724150252869
-6.99896389089248
-7.00767685439182
-6.99571938934293
-6.99553156219176
-6.99750334467284
-7.00305661989529
-6.99472816625761
-7.00228742196933
-7.0007443218991
-6.99923239538696
-6.99455685995912
-7.01213261085833
-7.00109363568894
-7.01728911508073
-7.00049479270115
-6.99754437998084
-6.99942351049723
-7.00157433719709
-7.00234253871086
-6.98557554856262
-6.99536799866736
-6.99727257464682
-7.01038332459971
-6.98890966307278
-7.01794045707083
-6.99737804799713
-6.88571279830794
-6.96787042570705
-6.99014982407757
-7.00569119817758
-6.99331091177621
-6.9823918648443
-7.01650149993983
-7.00573726568091
-6.98648197497867
-6.99583676104347
-6.99900782168893
-6.99115823336182
-6.99029422319636
-6.99290331596198
-7.01892599118027
-6.99292641414372
-7.00046155353068
-6.99951954669147
-6.97963762409895
-7.00450395601213
-7.02105348937117
-7.00295199627354
-7.00106259713419
-7.0098096005207
-6.99770272258318
-6.99295771562802
-7.0061001178546
-6.99553541598974
-7.00750625460599
-6.99092344425111
-7.01002774862889
-7.0005924937132
-6.99888497438134
-6.99722748877022
-7.00517537313044
-7.00078131246852
-6.98707666598309
-6.99630378993094
-7.00582094327748
-6.9961196377867
-6.99677737902347
-7.00753246253436
-7.00363624665513
-7.00111150831881
-6.98401022405873
-6.99543833092808
-6.99894060415174
-7.00619386620455
-6.97827669609477
-6.98962594875311
-7.0041864948695
-7.01383566277547
-7.0016524309207
-6.99500415970723
-6.99404707925134
-7.00417622888398
-6.99709715026401
-6.99474925360145
-7.00026307618583
-7.00170328773852
-7.00747242367865
-6.98074358889447
-7.01407678629051
-7.00378460477269
-6.98987841417975
-7.01456494753545
-6.99814581509091
-6.99377565281853
-6.99698508814104
-6.991344412929
-6.99770714100595
-6.9957771080004
-6.9972755590963
-6.99986073982661
-7.00885652387647
-6.98501326056758
-7.00286410703013
-7.0114263187658
-7.00155985811872
-7.00916422457106
-6.98307276825403
-6.9998862399436
-6.99893339338154
-7.00997876778607
-7.01053356812213
-6.98621538160215
-6.98188001748175
-7.01630815240021
-7.00033076289767
-6.99350756126136
-6.98397332640308
-7.00042964066541
-6.9967485128888
-7.00233874832292
-7.01245018889557
-6.99908966220662
-6.97568238433534
-7.01325535106309
-7.00000220803921
-7.05884569873502
-6.98954963226088
-6.97930607642128
-6.9979446378475
-6.99095573867674
-7.00500364415185
-6.99020660929742
-6.98393671284904
-7.00205160246464
-6.99469160607515
-7.00267051264754
-7.00175495268661
-6.99832219314008
-6.9924106070327
-6.98149908291219
-7.01204261690804
-6.99575771131519
-7.00049726890466
-7.01433156843183
-6.99640288930492
-7.03174021949511
-7.02227625538675
-6.98560149814287
-6.98181156711344
-6.95608948852344
-6.99322204582462
-6.98764009171967
-7.00904433384279
-6.97847103288764
-6.99264743516346
