Force
0.0367566959922303
0
0
0
0
0
0
0
0
0
-1.89930791152401
-2.7712291521737
-2.67523511703502
-2.89119247887975
-2.94878350062431
-3.00692213933519
-3.67606946045969
0
-3.97207685173604
-4.27915073675851
-4.44991852483691
-4.58519295219171
-4.68716346544181
-4.78572692069016
-4.85538809353507
-4.84602059846531
-4.90386065414158
-4.8842130108395
-4.92449613510929
-4.95993148326633
0
-4.9658003050572
-4.9890845026919
-4.95194381050148
-4.99770843850707
-4.98728224252848
-4.96920637116388
-4.98371319792526
-4.97373855010892
-4.98781910257236
-4.96534614232176
-4.98452694971698
-4.98557003016235
-4.96239255393101
-4.97519105753238
-4.97363330741363
-4.99602717736071
-5.00556161600815
-4.99959156447351
-4.98794792137182
-4.98064745082762
-4.99287245034983
-4.98985299861949
-4.99815445134199
-4.99491682539383
-4.98984548183365
-5.00186567727498
-5.00378734524297
-4.98841692027551
-4.98501529318288
-5.00438263292095
-4.99583495794342
-4.98018025415243
-5.01278091814499
-4.97805609502828
-5.00025769268435
-4.99718960156607
-4.99956443867517
-4.99737822928359
-4.99247920744782
-4.99441592834994
-5.00423820134575
-4.99568618737999
-5.00007664481709
-4.99919095152104
-4.99491677391084
-5.00348656303432
-4.98518325638745
-4.99028314502641
-4.99375828952794
-5.00773036842861
-4.99744039360182
-4.99358132491584
-5.00500524734357
-4.98268203535029
-4.99305415477916
-4.98908948266515
-5.00524958429622
-4.99509168842246
-4.99881640801654
-5.00214449160526
-4.99879536483285
-4.9891390491089
-5.00760826954617
-4.98855385019818
-5.00527739358269
-5.00367887815971
-4.98855989858895
-4.99432870201169
-4.99865451347984
-4.9942898242875
-4.98872928349329
-4.99795152857243
-5.00463845703616
-5.0043123597316
-4.99005753601846
-5.00563924780031
-4.9882781491018
-4.99339803280135
0
-4.99515482210102
-4.99682759362341
-5.01392323120492
-4.9842542425902
-4.99010845575823
-5.00801589851993
-4.99282342286315
-4.99896626415497
-4.99423087393499
-4.99690470206284
-5.00096445474584
-4.98908442833269
-5.01365964858608
-4.98845649030184
-5.0097864954141
-5.00653907285464
-4.9991916572807
-4.99526012198728
-4.99338931223671
0
0
0
-4.9942647721271
0
0
0
0
0
0
0
0
-4.99394295205556
-4.9854922611638
-4.98436087079834
-4.96484924143661
-4.98909031709627
-4.97940956372401
-5.00587144023889
-5.00264106803513
-4.99440829264379
-4.98810910166761
-5.01238935403012
-4.98968109107159
-4.99519317718927
-4.98538654566608
-5.00734021420623
-4.9917087453812
-4.98858013346998
-4.99935925367453
0
0
-4.99719036270505
-5.01023078892358
-4.98784621397539
-5.00594088250657
-4.99761020320955
-4.99232111225115
-5.00244611950468
-4.99453864191288
-5.01021644302701
-5.00362638690394
-5.00031729243088
-5.00164200985019
-5.01639043062374
-5.00527392731002
-5.00315694958044
-4.99430162791039
-4.99321215716158
-4.98980691481788
-4.98405878152949
-5.00412226121273
-4.99225609543372
-4.98585976996589
-5.00668525899097
-4.99845183667074
-4.9964499020364
-5.0104775237216
-4.97848793844564
-5.01070004377394
-5.01540366886303
-4.99789278448888
-4.99518606191462
-5.0005797872996
-4.99604885316863
-4.99829428794611
-5.00791125614493
-4.99457941968055
-5.00467443583047
-5.01344094970551
-5.00129084459689
-4.98960649878797
-5.00668883082316
-4.994623178919
-5.00459045699376
-4.99312149263131
-4.99447834009142
-4.99864434652624
-4.99282585396259
-4.98311610194581
-5.00436036678142
-4.98983378314664
-5.00432728849624
-5.00438689793014
-5.00972452180786
-5.00138749409534
-5.003019102801
-5.00205642698038
0
-4.99997333253359
-5.01402424825681
-5.01008256353086
-4.99631524978375
-5.00559975058917
-4.988044279199
-4.995515460533
-5.01146366965762
-4.98898672879157
-4.98189493660434
-4.98022974840333
-4.98941765967388
-4.99176193260478
0
-4.99485422267477
-4.99593797008101
-5.00108080350509
-5.00450388117216
-4.99504085015793
-4.98562566632272
-5.012905778388
-4.98980517419933
-5.00166669507891
-4.99750012900504
-5.00547528814623
-4.99240354808337
-5.02084496234031
-4.99836501895709
0
-5.00027261182347
-4.99962076899067
-4.99431029416768
-4.99960707427034
-4.99411766971378
-4.99526784260382
-5.00854060967533
-4.99563591504958
-4.96850348700922
0
0
0
0
0
0
0
0
0
0
-5.00614912162361
0
0
0
-5.00324371302159
-4.98912043428997
0
0
-5.01526155660623
-4.98561055284862
-5.01512167508316
-4.9897157334491
-4.99755239947748
-4.99481557086076
-5.01834622581805
-4.99980982471556
-5.00738755491059
-5.00842261676288
-5.02124585840495
-5.03464771018593
-5.01197826362785
-4.98141951725142
-4.96399175802353
-4.96857086480956
