Force
-0.0527349455017531
0
-0.0496053955154773
-0.0504143429087273
-0.0567854375213599
-0.047936395201624
-0.0571606259326353
-0.16173425483474
-2.3104572692705
-2.37802061405039
-2.97180750815284
-2.90758370234713
-3.40219764192912
-4.05775233495424
-4.53035230624917
-5.00989340860014
-5.59001227911349
0
-5.73812159740881
-5.80087383004204
-5.87115704401961
-5.91947561101812
-5.92263335198582
-5.95861125692342
-5.96016679391288
-5.93538334753152
-5.97157147549611
-5.99502206783019
-5.96935516677827
-5.97374626037949
-5.97476616189863
-6.001207510402
-5.9541979470457
-5.99281500152155
-5.98022283006586
-5.9744945632191
-5.98764781533385
-5.9989395628431
-5.98908230458358
-6.00078375917686
-6.0041117330354
-5.98545551206784
-5.97058366478971
-5.98909800849299
-6.00122234990328
-5.97375786642519
-5.98548535062754
-5.98072920843485
-5.99527745320836
-5.99084509807193
-5.99778288185072
-5.98564495243302
-5.96495654136646
-6.00481109046154
-6.00588257827342
-5.99614598016331
-5.99667284293339
-5.98594752412494
-6.00107235081364
-6.00991720574904
-5.98412879642684
-5.99907043066818
-5.95988125998543
-5.98002918418902
-5.97972160438108
-5.99206923129101
-5.98520261928814
-5.98815046433081
-5.99618417761837
-6.00322380490869
-5.99524997267314
-5.97890678837305
-5.98920868306594
-6.00231190729453
-5.9819865025323
-5.99794950599556
-5.98693408642473
-5.98768527592468
-6.01051510016434
-5.98889905672195
-5.9984225612886
-5.99741105639721
-5.98614941271155
-6.01001026444326
-6.00361399497041
-5.9801541631638
-5.99782710233648
-6.01146745501582
-5.98765823178
-6.00678756068258
-6.00918572331191
-5.99242697407018
-6.01438754962593
-5.99396479296552
-5.98944120929832
-5.99114326424658
-5.98668766758097
-5.9964243630568
-5.99672552203517
-6.01530716874249
-5.98980561056906
-5.98224773993794
-5.99514185462312
-6.00375350456979
-6.00913881085795
-6.00065353267842
-5.96768741913355
-5.99420405716963
-6.00529107144923
-6.01351805970266
-6.00865639662047
-6.00611609361885
-6.00454495372951
-5.98994173142374
-6.01385529301607
-6.01087286673812
-6.00000157475569
-6.0087285756242
-6.00192196856669
-6.00183292383841
-5.99548035414115
-6.00531071684215
-5.99130735253193
-6.00337304416135
-6.0097010252003
-6.00090543459809
-6.00289743377087
-6.00161338976357
-5.99002143196613
-5.98792961549527
-5.98765425492117
-5.99906867616437
-6.00289009062254
-6.00314657558618
-6.00012476291737
-5.99989671807975
0
-6.00088421014457
-5.9915420145432
-6.00715907931455
-6.00227750197557
-5.99860484045396
-6.00508808236234
-6.00510683854873
-6.00642334607526
-6.00808000413751
-5.99507241285219
-6.00008113691889
-5.9954017388156
0
0
-5.98972781946323
-6.00193228978261
-5.99503850371518
-6.00626061618805
-6.00166592693178
-5.99781111248712
-6.006009571965
-5.99449365613272
-5.99688605279133
-6.00466194555289
0
0
-5.99552711346627
-6.00415074175665
-5.99744543643763
-6.00232947271086
-6.00899575031707
-5.99123578159257
-6.0003967546081
-5.99991825560438
-6.00886794154471
-5.99337115964549
-5.99241153201179
-6.00044726034219
-6.00234823681401
-5.99756308306088
-5.99825275186601
-5.99415069333101
-6.00912640880187
-5.99681638445129
-5.99191705263751
-6.01111931310079
-5.99900202352881
-5.99920199425747
-6.00139116266348
-6.00740648315831
-6.00388211610431
-5.99514972127961
-6.00401557725294
-5.99512952271536
-6.00482767535638
-5.99325994582778
-5.99572408439119
-5.99069798744378
-5.99903939860191
-5.99285626537949
-6.01188459073824
-6.00219934950682
-5.98817175882122
-6.00506263466279
-6.00247278597342
-5.99317906916349
-6.00103601048961
-5.99504991515403
-6.00540641170485
-6.01392157944134
-5.9888668747193
-5.99998805745029
-6.01384594029892
-5.98868274254918
-6.00392845587716
-6.0045790784974
-5.99758645916904
-5.98188272979924
-6.01495463788857
-5.98849346613599
-5.99632945211987
-5.99598453029915
-6.00902696648255
-5.99738937944815
-6.00023600958989
-5.99816202075932
-5.99870902342974
-6.00370107274672
-6.00303659718913
-5.99803657094652
-5.99690342749345
-5.99438529172404
-6.00047303166199
-5.98687502134821
-6.01148591697879
-5.99518544683043
-5.99643715397751
-6.00262642040494
-5.9965200379332
-5.98856092898404
-6.00172337376479
-5.9956481102967
-5.99546070888056
-6.0021606272117
-6.01097670343059
-5.99875626543003
-6.00333551602922
-6.00021571272057
-5.99837024245749
-5.99386551340591
-6.00297547375844
-6.00238949660313
-6.00857186712303
-6.00428069485082
-6.0065854315605
-6.01105508977902
-5.99523624366866
-5.99160531095008
-6.00770574990021
-6.00269037249433
-6.00169601839754
-5.9998963202138
-5.9849157349149
-5.99928344404167
-6.00434091445586
-6.00430804492703
-6.00345057896303
-5.98536085462063
-6.0130735883127
-6.0095982314608
-6.00276853757674
-6.00167570917729
-5.99197629907656
-6.00898539913778
-5.99854817058721
-6.00140978880137
-6.00471017338445
0
0
-6.0008161743075
-6.0040796265531
-5.99110543833427
-6.00589883294176
-5.99426125836903
-6.00428346688038
