Force
2.79913805179099
3.03313685873807
2.90046913288009
2.95327411651832
3.05814129151023
3.12823980178304
3.40257267810508
3.29547222386633
3.42036893268337
3.5198502153965
0
3.76832425184735
4.12534460499202
4.48416041881693
4.61126901397544
4.74808592571036
4.84484832272045
4.87274757011891
4.94609534655334
4.95350236672925
5.00508755133482
4.9698897452501
4.99452763757878
4.97993561979281
5.06416172425994
5.04587773349169
4.99482030925018
5.00677388446039
5.01399066900184
5.03149046998242
4.98915489622909
4.97094723116998
4.99424283868688
5.00522018387609
5.02116743706543
5.01436277986226
5.00072643574082
4.99154655857753
5.03898312043497
4.99144462072274
4.99527835469005
4.98390408511477
5.03830801079171
5.02349764416795
5.02609920368621
4.99436982058098
5.27487153892697
4.97869277674825
4.97685363046488
5.02507456855328
5.0190456237615
4.93221516527578
4.99280936615401
4.9789870362989
5.00215715370388
5.02725929300163
5.01853677141286
4.97762657508367
5.03226624251373
4.98946910322265
5.06514883814785
4.98213108620963
4.98687478925473
5.00330245743932
5.00559668067946
4.97021684393732
5.05135663408289
4.57220567281375
4.95833071650761
4.99810203071406
4.9606098440654
4.97696429271586
4.99908520490432
5.01347307473069
4.99392908813623
4.99921841471239
4.98081305197344
4.99963989199572
5.00978553229909
4.98801361750913
5.00892282028586
4.98705545386606
4.99211880543668
5.02261814121452
4.99777711168977
5.01552079386649
4.9896948616582
5.00322183732059
5.00209459131521
5.00867431220602
4.99513906155267
5.00325548382684
5.00406846805318
5.00760971799597
5.00485476890812
5.00703278634475
5.00298805046808
5.00150442901632
5.01582180539859
5.00716196972572
5.00585431611264
5.03207510308135
5.02192264194978
4.99425023545982
4.98885355488475
4.99627645093647
4.99866071116201
5.00133512962394
4.99876430294683
5.01331532454831
0
5.00511316984148
4.99218929122425
5.00579052510986
4.99729647266548
4.99373786866591
0
0
5.00528910453086
5.01644658746196
4.98994597216918
4.98730388392733
4.99564805840801
4.99166910777163
5.02753339383465
5.04236265675717
5.01017492027439
5.02121744027348
4.99198006311308
5.03432159901542
4.985707879634
4.76301188170581
4.99668119654955
4.98928021742747
4.95590135809543
5.03432734083326
4.97541637841673
4.98977021858083
5.00291524565278
5.01017707291715
4.99441831525031
4.99925052408693
4.99832613190259
4.99628994385087
5.00313677960598
5.01920067209898
5.00016014947647
0
0
0
0
0
4.98763760399809
4.99733716259388
4.99714203749939
4.99099578306582
4.97664148421115
4.98354781760855
4.9891208336608
4.9923990562902
4.99454032245531
4.96778929703169
4.98997371735201
5.03436155736441
4.88512608195796
4.92616204074393
4.77874576802124
5.04667573040883
4.718568372851
4.70804920469181
4.96129086327327
5.01083684096988
4.95511325105703
4.94199642518522
5.00534022118217
5.01648253974106
5.00811713998869
4.97882305138741
4.97674797739797
5.02880285710973
4.97649819805802
4.86201558480188
5.02028295060653
0
0
5.02828281612809
5.04423686375931
4.9571084121688
5.08186219027839
5.00452465887461
5.02617422173639
5.15308260682075
5.01713280932694
4.84187201412699
5.10882446886218
4.98552224782752
5.01004743443979
5.08080638215328
5.00044829764003
4.99444235517094
5.00255629442721
5.01363617409657
4.98859808059764
4.99709393032693
4.95096540950958
4.99420939022122
5.00816276273652
4.9769786753075
4.9954711974568
5.00544418570653
4.99843177282481
4.9841441377895
4.98463233117522
5.03289446389917
5.01484886053473
4.9965763551332
4.98164577931219
4.99307523657459
5.01664117074563
4.99703118154988
4.98946885240438
4.98440672834219
5.03247893265656
4.98557368204474
5.00506794748517
0
4.99816332781355
4.9886336728552
4.99412081351149
5.01013822692601
5.00216252375733
4.98958404981498
4.99438088808994
5.00817169440605
4.9797144989614
5.02814539823141
4.98482194310216
4.98203685192424
4.99867196020489
4.82134913696044
4.89623655530882
4.98600392498225
4.96984951925245
4.9946443398274
