Force
2.73211172762731
3.20982463616097
3.25269414377495
3.14010360984371
3.32608613163658
3.36806687313235
3.51940232062288
3.43402609493054
3.63435400852306
3.66406100827776
3.31545733364257
3.16863687253248
3.03322850526912
3.20831018613967
3.39298590375516
3.4303392712045
3.4630532921155
3.49828241436604
3.6946595561841
3.84355493452132
4.03802318045483
4.21007058129577
4.33468471869676
4.51489477550474
4.70539662876925
4.74441569023974
4.80616792734405
4.78693268225419
4.79287247744638
4.83192530744816
4.83660843258492
4.88433865512545
4.94406303304394
4.92779253146651
4.94733057869892
4.97348435199524
4.9678778906744
4.98390508270635
4.98194274395416
0
4.97410601347947
4.9696162841723
4.99628684182846
4.91459766164228
4.98812509571705
0
0
5.01435272745868
4.98008207521795
4.97231421390533
4.99998376331483
5.0081949982288
0
0
5.02389951085314
4.91670158745617
4.9506980071146
4.95711513426821
5.00832547139558
4.99148026812209
4.98393661334851
4.98271307150353
4.97998888807268
0
4.97573508191378
4.98349433257728
4.9827137999562
5.00137772760385
4.99220726328242
4.99765798063666
4.98996819786868
4.99134075467398
5.00404751555732
5.0018566190983
4.99278393183355
4.97821573652757
5.02979054585662
4.94158956749251
4.96529106658898
4.91755117786661
5.00971765202695
4.99893329517359
5.01197350445331
5.03052448613212
4.98587694161457
5.01049553892452
4.98443495319857
4.98806097979695
4.95707403352577
4.97584994646946
5.02007345888012
0
4.99524105897349
4.99880829148941
4.99269010670283
0
0
0
0
4.99524178993157
4.98779034481639
5.01926219490328
5.05375475177157
4.98356514360507
4.99695108459752
5.01386106201832
4.99490211877771
5.00060582033714
4.96627609848361
0
0
0
0
4.96899509977336
4.98842958251932
5.02581670526405
4.98735602931194
0
5.00352277787574
5.00848202904734
5.00044135870271
4.98802404310326
5.00293696674335
4.99554639060808
4.98043095248913
5.00046540648985
4.99346616561017
5.01306938962085
5.00800210033904
4.99893235202336
5.00229700904902
0
4.99611961049168
5.01624033976898
5.01043246535408
4.99835455105391
4.97924945986841
4.99594615370328
5.01425653409815
4.98248757170029
4.98785515781274
4.97448025746692
4.98600454595684
5.0057730725141
4.99646470982465
5.01301954660742
5.01100958544608
4.99174898084409
4.99669371348054
4.99269573991799
5.00428982506033
0
5.00149108530116
4.99350910653642
4.99808778239316
4.99353278740079
5.00387008545222
4.99845099908076
4.97734279422357
4.99284353250734
5.00101822519733
5.0097220390462
0
5.01119395374351
4.99128521867548
4.99543262532261
4.99215261056963
5.00161741371804
4.99219435373376
5.00989980836406
5.00849004441455
5.0060436626113
4.99823606003547
4.9922421736577
4.99911742528464
5.00202733310562
5.02016934230023
5.00432620597644
5.01323840566014
5.02478697367056
5.00442927134217
4.99892180411742
4.98628631754332
4.99701390274905
4.99614902472752
4.98628965970987
0
0
5.0034076431816
5.0153492144106
5.01976026913037
5.0022169177264
5.00085657181938
5.0028554630504
5.00666906384221
4.99568869975498
4.99570308356008
5.00451079391222
5.00190051154167
4.98591591733734
4.99114568566075
4.99348810616645
5.01608730002075
5.02391987666199
4.98872806706749
4.98351944733942
4.98885487722634
5.01150718737089
5.01041557057024
4.97509778396918
4.97707653681415
4.97506959849087
0
5.01413623832379
4.99986658023866
5.00775662793423
5.00444435250804
5.02396108704499
5.0026939570647
5.00002088661516
5.00028488167372
5.01370328438169
5.01921278581013
4.98802165258293
5.00555420307649
0
0
0
0
5.0043506777389
4.99069127259991
4.98323928529156
4.99956065342655
5.00696434550109
4.98619977553088
4.96391529841666
4.9975948816431
5.00445703982298
4.98797616460554
4.98962745222384
5.03028378636473
4.97092682443287
