Force
2.8339679474913
3.08093910353079
3.15090115598791
3.27116415367347
3.3363107361271
0
0
3.42463873170666
3.34270807083687
3.43822558026053
3.59322690765563
3.58563869720488
3.75872540632865
3.71049250129383
3.84743999459351
3.84543420685387
3.76413700730823
3.87663839634807
3.97360695169119
4.28741772607871
4.45455943891574
4.59376105246901
4.74979730796502
4.82126289026328
4.88959552401365
4.903431401239
4.96425921152442
4.96307754392862
4.95287247410325
4.96784089047014
4.97850416778037
4.99477336415941
4.95391616773749
5.00310562805908
4.99024499254801
5.01903653817735
4.99648364087739
5.00944380467984
4.98676394805642
0
4.96596589971403
5.01184385166862
5.01534337704441
5.01054786829063
4.99724401507837
4.98615739923145
4.97800834449106
4.9590701175803
4.99261430683155
4.99735710816345
4.99918088182152
4.99625957967049
5.00591004955077
4.98906138274176
4.98966718614053
4.98828512838802
4.97274528949727
0
0
4.99574711809754
5.00608893876562
4.99599836537279
5.0176031142239
4.99013336723023
4.99845290200003
4.98146721306343
4.98692504514237
0
0
4.98937718601722
4.98460743341067
0
0
0
0
4.91725327600593
4.98171061623877
0
0
0
0
0
0
0
0
0
0
0
0
0
0
0
0
0
0
0
0
0
4.96796103042758
4.99384209790631
4.98528300985809
5.00994108878406
0
5.00795911369559
4.97781589115559
5.02134427691742
5.00046479067911
4.946123808406
4.99420742948913
5.00140751945677
0
0
0
5.00145497673185
4.9958494146764
4.98075848244532
4.99855138336427
5.02375771014891
5.00462458765187
5.00426752219736
4.98419177944261
4.99228927370217
5.02549405101109
4.99670690932526
4.99560231137391
4.99802390933947
4.96577036465445
5.0057550044519
4.99545385126723
4.98259533501799
5.00231765742462
5.01833540387517
5.00415299030811
4.9978018604946
4.99948579224249
0
0
0
0
0
0
0
0
0
5.00171919731382
5.00386482628999
4.98986155716323
5.02229594504501
4.99425580989821
0
0
0
0
0
0
0
0
0
0
0
0
0
0
0
0
0
0
0
0
0
0
0
0
0
0
0
0
0
0
0
0
0
0
0
0
0
0
0
0
0
0
0
0
0
0
0
0
0
0
0
0
0
0
0
0
0
0
0
0
0
0
0
0
0
0
0
0
0
0
0
0
0
0
0
4.99484366861143
0
5.01129399235753
5.00950455411664
5.00298322558848
0
0
0
0
0
0
0
0
5.07534985611723
5.04560753293399
5.03855235985529
4.98823751193641
0
4.99727359032739
