Force
1.86096641823144
2.6870716557436
2.96747343089097
3.20845532898557
3.33575625745528
3.35963512171215
3.4687412545019
3.3365810789468
3.42471125112908
3.43665529754034
3.49595770463691
3.51625501440129
3.67654343069009
3.68540171413544
3.72272915430522
3.76820602915455
3.66028900150686
3.87633761210942
4.07556127270105
4.39288114672979
4.55965871636224
4.72906200010597
4.77303917846522
4.8345476132286
4.87713710224716
4.92618360244841
4.96927438782463
4.97862253469853
4.97448039378554
4.99711625830302
4.96653602608916
4.99244781361122
4.99377957551402
4.99719380224459
5.00158500898868
4.94441789195041
5.02819793337613
5.00760869638196
4.97774460894655
5.0062236059425
5.00241379648819
4.99259162219771
4.98484381352693
4.99740155116211
4.98958938036183
4.98929244356439
5.00246185303526
4.99358921358055
5.00411791008778
5.00648301847681
4.9903042579558
5.02276951214872
5.00449334162292
5.00094123999341
4.98986442527697
4.9991667962257
5.00933233377421
5.00168718057914
4.98531941220163
5.00117523312268
5.01024028822306
4.98462377254355
5.00928711605488
4.99669832998917
4.99858707706118
5.01057911580773
5.00159743859449
5.00352272448748
4.98633369590064
4.96309264357206
4.99900953719428
0
0
5.00221717854905
5.17864855935288
4.96730938076856
4.99218244381269
4.89875105940084
5.04619864919987
4.99084784097125
5.02942205429813
5.0307873434017
5.01314553681581
0
5.01041555561587
5.00665434748338
5.09356727936173
4.98543002274919
5.00857430901891
4.99743023205892
4.9813500592426
4.97046473437116
4.99942146971051
5.00841277152919
4.99216001021777
4.99316943976017
4.97920984056415
4.99317629222477
5.01674020563206
5.00526306095722
5.00947519739561
4.99779991316413
4.9901985323687
4.99227770738824
5.00454189628469
5.00208851897047
4.99525043850111
4.98768305838009
4.99303947028088
4.97888340099974
4.99660470247687
5.01433380514921
5.01094439166164
5.00500772224586
5.00511762811387
4.9946036306168
4.99362748438174
4.99794581863056
4.98300923824329
4.98136640774729
5.00317218972685
5.00684457178439
5.01164051257038
5.00943699772767
5.00258060786851
4.99314308691698
5.00900390558859
4.99411157016056
5.01138420850286
4.98402631721056
4.99567869966593
5.00162074748542
4.99207045492044
4.96971073659228
5.12876972158809
4.99781861362935
0
4.96467936211027
5.00649525884427
4.98779275760466
5.00596824955574
5.00900753017453
4.99040809614315
4.99656770970082
4.98232228321351
5.00313482487798
4.99750200672625
4.97775142262697
5.00892921137237
5.005916574532
5.01060580799717
5.00268879330643
4.97424123733542
4.98543958481942
4.98563053093846
5.02309329753437
4.98371019302562
4.9815462557815
5.01233311389846
5.0129689297917
5.06227216074482
5.01120337742796
5.05139786304197
5.07985204766648
5.06852723823647
5.03100312161357
5.03003482464256
5.0014075274822
4.98975810609691
5.01313352079011
5.01866870453764
4.99763670753032
4.93871015913319
4.93241074469159
5.00278004713035
4.88617474548633
4.96022665810807
4.97643990315302
5.00340682122958
5.00896082514536
4.98910329097377
5.00352849312644
5.02411160859844
5.01944851903825
5.1236406376971
5.02517961104383
5.02696338902312
4.95196284129888
4.84841773481212
4.84333343860782
5.00700952518201
5.00869933322294
4.9678083488427
4.99040931987363
4.95834200163983
5.05933543557698
4.97635143063414
5.02694374121387
5.01692923401373
4.98495138960076
4.95231637577387
4.89863392447564
4.98990765346248
4.91019724369552
4.96056129819222
4.92336720553763
4.96644650592465
4.96722422039041
4.95102002392164
4.98473002025231
4.98430634067033
5.01050500793975
4.79353275582403
5.02456322126877
4.97245065321022
4.99554475293514
4.94645421716593
5.02319399556565
5.01829518840539
5.00803640556046
4.99290696432476
4.87713007205321
5.00821739497901
5.00554454346005
5.00979633738736
4.98796477107166
4.98721626547547
5.00855259163334
4.98575873299165
5.00032781028647
5.06696866210565
5.00241902012641
5.00316788323607
5.00686135983084
4.99475127640797
5.01830219272138
4.99212654394892
5.01517587972567
4.99387775149507
5.01016921759856
4.98533422806615
