Force
3.53306096553126
3.57858548075026
3.75382119357327
3.92308006655943
4.08482323991484
4.16156883380001
4.41343509839528
4.58564840906048
4.6542337895395
4.67168359742162
4.78162013903668
4.85287159498426
4.91832223067545
4.91759135384368
4.8983217141476
4.95089383498899
4.95471912919467
4.98941036760478
4.91734244397773
4.92005778817973
4.90978269736684
4.92636614611251
5.05624933880677
5.09218174425897
5.09199625262797
4.96129483490785
5.84164790395417
5.01676792546232
4.83446334401916
4.78499306290364
4.83715597678834
4.76530045898821
4.83805634417059
5.40795477374759
4.84951431400469
4.8447499274362
5.01121491305014
4.99419549906675
4.78935795077873
5.55312664496666
5.04322216804289
5.08253468742793
5.03864389231487
4.93476984451203
4.86664079413958
5.00196610915938
4.75203972344751
4.36508096172887
4.61320171323623
4.57274669383316
4.96751293219137
4.59124880305661
4.77178797192504
4.61211510451935
4.9107057265515
4.7996508221901
4.97216049788931
4.83172151212227
4.6315413139878
4.63816712509565
4.80291051846508
4.897687768804
4.99489439388898
4.84738199267161
4.8009986041006
4.96204497033113
4.68091434011238
4.92283787593756
4.68644423759912
4.92496741543475
4.89915419097174
5.01936876210889
4.8729760973802
4.82282077308557
5.02479598205418
4.95508238153737
4.99985462252166
4.98475082316589
5.10415915014439
4.91487551688318
5.03113569529777
4.95881105544925
4.90500909238914
5.05297874995707
5.02902129484137
4.99335661712846
4.94528792094209
5.03361740416392
4.8063170997595
5.02188449294587
4.63258769612988
4.98651469128179
4.92897763751001
5.04743754124545
4.7158403320748
5.0052377572452
4.9646974208001
4.97752928143085
4.98066492477925
5.54647056385777
5.39370758007569
5.09690046341039
5.01480499722634
5.02980997276587
5.0924952094629
5.0176352048748
4.93161552709241
4.31871335237481
5.09746107060257
4.69528816526813
4.83424684297335
4.88537531734913
5.25757472128331
5.27590529447532
5.0193898456153
5.44006430621767
4.97148302546694
4.74555409970166
5.46580762400457
4.39510475579104
4.87491456567023
4.8192223677869
4.94614140453475
4.9389540651718
4.83358042976135
5.01916244987424
4.7576178328903
4.84119508837309
4.78257255833512
4.98550551914244
4.80953368121321
4.89573148554765
4.90740985491332
4.98002974531498
4.72229964976382
4.88895393268038
4.94945559902911
4.98949874865074
4.83178888493327
4.94938032628387
5.01303818939046
5.03624286330475
4.77271406308256
4.85948630246257
4.96946615514858
4.83817428372109
5.04231344595495
4.9100407096915
5.01736324269213
4.906510509686
4.87653073540945
4.99755481927174
4.94042327672654
4.93585009917999
4.97004525832991
4.98147066584619
4.88948674359067
4.80143036472818
4.92704319432684
4.97622006200612
4.93964219124046
4.81568575625127
5.03985083077044
4.91007375545453
4.95906157977815
4.88240323655627
4.91568157241198
4.93203494678164
4.96120488504882
4.96562288978807
4.92963161787228
4.85681209063245
4.965210063917
4.99899857941844
4.85934249280427
4.97059216575134
0
0
4.94355835272338
4.99524590247965
4.99060671627869
5.00815834170046
4.93139059014058
4.99902484203864
4.86324926671123
4.94755275614102
0
0
0
4.86731840926727
4.94722767301148
4.97531197320699
5.10399461528744
4.95283135215382
4.83778385045996
4.9979133076612
4.92484424955285
4.98923057378794
4.97192695427598
4.93329686647392
4.99590031566268
4.9668619856265
4.99635467043539
5.03079148554454
4.99663251532994
4.99618578032065
5.00831173555263
4.98252720552565
5.02268418835786
5.10921200740147
4.9516214350714
4.96203591441772
4.98748606541781
5.05082410343557
4.9580444738172
5.03189432065337
4.90920472240623
4.99288488085463
4.98030167574522
4.99522283592723
4.9885470401022
4.96945686744596
5.0093907379899
5.02672495137221
5.00187608709094
4.98086718972615
4.97349416896154
4.96704649290236
5.02002203042748
4.96558248697801
4.96790680178364
4.99147934253018
4.99627044206029
5.00930052243689
4.96813004294266
5.14614934061276
4.96640254056172
0
4.96077731447756
4.98360004016714
4.98087153567338
0
5.02335991221082
