Force
3.08337744161478
3.25206217106425
3.58336772659413
3.76098084559099
4.08115066986085
4.32357824627719
4.47888321873737
4.54998098084315
4.66022483031052
5.0058673221743
5.01518205649825
0
0
0
0
0
0
0
0
0
0
0
0
0
0
0
0
0
0
0
0
0
0
0
0
0
0
0
0
0
0
0
0
0
0
0
0
0
0
0
0
0
0
0
0
0
0
0
0
0
0
0
0
0
0
0
0
0
0
0
0
0
0
0
0
0
0
0
0
0
0
0
0
0
0
0
0
0
0
0
0
0
0
0
0
0
0
0
0
0
0
0
0
0
0
0
0
0
0
0
0
0
0
0
0
0
0
0
0
0
0
0
0
0
0
0
0
0
0
0
0
0
0
0
0
0
0
0
0
0
0
0
0
0
0
0
0
0
0
0
0
0
0
0
0
0
4.98636876867573
5.00025781823701
0
0
4.98168993963559
5.00021636674882
5.00779386703684
4.99719605956578
4.98732306469758
4.99351933878869
4.9990397151682
0
0
0
0
0
0
0
4.98946648779178
5.00556717385578
5.01708862367462
5.01437149132483
5.02444049788928
5.02770244907967
4.99981860101448
4.9889568284482
5.00518571468673
4.99768677376534
4.99478904597522
5.01564475354641
5.01358247054599
5.00124972572202
4.99589082510804
4.98737391912083
0
4.98361046371224
5.01508961815437
5.03115322973181
4.97360348887224
5.01189392696462
4.9926688320064
4.99679586145336
4.98938657213255
4.97455956739383
4.96196018522398
4.97718217097637
4.99697400396839
5.01011327973563
4.99202396777917
4.99770786600234
5.01162699231207
5.01164930839323
0
0
0
0
0
0
0
0
5.00340958092824
4.98911046613659
4.98651608665962
0
5.00127494057531
5.03211234419413
0
4.98471216955256
4.97835351085716
5.01765489020414
5.00338893140262
4.99310816078487
5.00031419139797
5.00626185917007
0
4.98468864396881
4.98937276116425
5.00123337924196
4.99564479282037
5.00282377381171
4.95894494548132
4.97430282970544
4.98344717703216
4.98013513914823
4.99027802345518
4.99717918309469
