Force
4.99610745867808
0
0
0
0
0
0
0
0
0
0
0
0
4.99922685841387
4.97282135605214
0
4.96800880014243
0
0
4.98558278251332
4.99377834726843
5.01695062817898
4.98757931507641
4.99152425092148
5.02399412293524
4.9957554883782
4.98167907936401
4.96814288983625
4.97509093681998
5.00071747757313
5.02262284718729
5.00129824583321
4.97338191044243
5.0006005943826
4.99750874876234
4.99011802630107
4.96252071473783
5.0034422095266
5.00921602039064
5.00356825737204
5.01260212901033
4.96473920972027
5.03348818482713
5.00116506125479
5.00707932682715
4.9833757901726
4.97212102062132
4.99472993450308
5.02423476422741
4.97442833964872
5.00878471281337
5.00260890720377
5.03594587369629
0
0
4.98218061703492
5.01168377716114
5.01503186001932
5.00032699410677
5.00849747287052
4.93435009673873
5.03555993753425
4.98166627573792
4.99566640954276
4.97416075602106
5.00072352188069
5.00498474950468
4.97460093340639
5.0209471683024
5.06092215473934
0
5.00900626088349
4.94699563046102
4.98611423754695
4.97104051665581
4.99336566854386
5.01119434180952
4.97578074709151
4.99948171151426
5.01356600518533
5.00624492485896
4.99514108172766
4.99511064500808
4.97937513697786
4.99860779323574
4.97266978590715
5.00350479907306
5.00390199025347
5.00284577728389
4.97226533896874
5.02088716285565
5.00401189704919
4.98784640105589
0
0
5.00122780729038
5.00082711173935
4.97596224907157
5.00059052357735
4.9871237975641
4.99750388554462
4.99992708223706
5.00137887382652
4.99340544303041
4.99720119865298
4.99573268848777
4.99475606023222
5.00396413397961
4.99839826265226
4.97817989255764
5.0041853142906
5.02153033359734
5.00128539057681
5.00581406167039
5.01882374009274
4.98424006382079
5.01005745413397
5.0129818322754
5.00133327332945
5.01484043334773
5.01900242200526
4.99861619282358
4.98635858084565
4.99204745525187
4.99607465889379
5.09122922766664
4.97837265883258
4.9920297388474
4.97868364070451
5.00521752350473
4.99486091608612
4.98722512328413
5.00819507311124
5.00095341468972
4.99196210225154
5.05329394556325
4.99826422160564
4.99394997183293
4.98728903891181
5.00812009718087
4.99475845249163
4.99094776764261
4.99377552091334
4.99092408951864
5.00151586431126
5.00631786274255
4.98821104193659
4.98580696092285
4.99278436760295
4.9959751423114
5.00687205068239
4.99279429947266
4.9937156613696
5.01118887883191
4.99385691729722
4.99466673460323
4.99834048419651
5.03607671764557
5.01554377132009
5.00251802868429
5.00194007160099
5.00087711290043
4.97973361761851
4.97537504482484
5.00197021372949
4.99639900004052
4.998279145147
5.0084609928916
4.98588682168457
4.99416386051297
4.99957675623991
4.9957078671942
4.99926192238107
5.01291884279034
5.01005646278481
4.99832296608198
5.03591631592959
4.98371811294749
4.99065304312142
5.01247085047668
5.00560314148181
4.99270211642964
5.00165700234701
4.99841720876874
4.99476645398635
5.0065207363623
4.9844325675406
4.99229002198581
4.97857704970945
5.01982704362202
4.99658761317736
5.01010516480991
5.00450545615196
5.02231382228153
5.00114238907763
5.00642991496542
5.00547227391101
4.9916180006858
4.99732964744752
5.00596216880927
4.99751080148961
4.95609998393399
5.00018976632396
5.02635802711387
5.00143328091808
5.00240610185244
4.99894994845586
5.00325722830584
4.99805913967702
4.98918054851723
5.00434326539527
5.00652484203295
4.99480406011325
4.97381048792415
5.03552768852326
4.98064156782484
5.07318729931639
4.9857699974535
4.99272348406265
4.9793300337998
4.99362764647076
4.99710238248042
5.00026559871465
4.9740825128051
5.04920824912247
4.98964837807456
5.01023163803112
5.03245048429214
5.05480511848757
5.05314381412528
5.06953975510121
5.07574604805513
5.04321029684507
5.00086146815201
0
5.01526673369598
5.01452898912005
4.98638152213354
5.01219254795943
4.99065876665505
5.0186131391344
5.01288868641261
4.93320047171566
5.03053793880687
4.96517257413064
4.99671304079364
4.89272007615085
5.07615001822602
4.99678510517738
4.9621243173338
4.93255748853939
4.39068172373342
4.51745982425627
5.01209491091879
