Force
2.82276904351433
3.180338303333
3.2742791618829
3.6678135398589
3.65959450182887
3.88422134442873
3.82472864915843
3.70557711930773
3.62870019132103
3.53252635741866
3.93131262977051
4.16550049427537
4.47240398909249
4.7066113205425
4.85497617910889
5.1129060659354
5.064828286926
5.26698511818412
5.29119644946557
5.41692783736934
5.33862518812801
5.57760073186718
5.59301779942882
5.71420776846036
5.75355107291337
5.84883513132266
5.8296719640438
5.84412018824631
5.89867546692015
5.87760746727848
5.90476664749317
5.92596677874315
5.90146376767797
5.94958428510351
5.95033630634967
5.96078631255074
5.96742936889855
5.97326796773674
5.97613909580728
5.96522979660408
0
0
0
0
0
0
0
5.99143202824072
5.97956743599674
5.98108030766769
5.99148158989727
5.99737821126972
5.97707643901142
5.95723850415285
5.97869877706514
5.96204161798657
5.97863539812471
5.981459996806
5.99931301044764
5.97799502030394
5.98060901562946
5.98140783131363
5.97977084975457
5.99026647890353
6.02040274347014
5.97200046154755
5.98386115886391
6.00053118625239
6.01059881278728
6.00118111094139
5.96504252145524
5.97095778190876
6.00136361274721
5.97682184229799
5.99597375756811
5.97712352749508
5.93495497895541
5.99304416054474
6.06563188584466
5.98385004598084
5.9152283142741
5.98554239575886
5.97221891505398
5.91491524529619
5.99672183349398
5.90847619169945
5.94412293034767
5.98687766808222
5.9849356023288
5.97363142001655
5.95450136555918
5.97458136213385
6.01161644496638
6.32468662331205
5.9536882467831
5.91111624046056
5.95177087473408
5.99543133307535
5.96195482452503
5.96260869446991
6.07906248821583
5.98209803529059
5.94855481668082
5.97936338127704
5.97194736986739
5.9061217525628
6.05154081751719
5.89331522599097
5.94952263827328
5.96434872192088
5.94705119123832
6.00842512171791
6.039037696746
5.98845459026237
6.01397299180115
6.02271179615859
6.00777995874645
6.00254208101059
6.01067355058772
6.01143705207378
5.94093293372197
5.968308250554
6.02127764650989
5.98965873462482
6.00023969225236
5.99626099988614
6.01064680655642
5.98851525672821
5.99348668071311
6.00501331504669
6.00042374304759
6.0114535529302
5.98953178296205
5.97007846271503
5.99596294828146
6.00682590332632
6.0104267243319
5.99376938225206
5.99715708431493
6.00764236817595
6.00968658457062
6.00417948961392
5.98052618303851
5.99673897788001
5.98822876542321
5.98409989612944
5.98127961383048
5.99226120407831
6.01953025005581
5.99432623894776
5.99186582018528
5.99918724478304
6.001329496534
5.99610353897223
6.00569656403629
5.99600198954998
6.00341016443794
6.00669399451321
5.99742515474847
6.00872762647001
6.01406976338663
5.99811336416371
5.99560442526517
6.00931406888019
5.99808724214862
5.99882792115981
6.00543700813448
6.00868541358437
6.01123585611737
5.98362777179053
5.99133994323952
6.00339958101783
5.99143512342361
5.99186386912637
5.96799699364946
6.06214567469976
5.90038020452837
5.97432667141309
5.99755233845695
5.97539595312759
6.01011424312272
6.00823418724089
6.00192598490041
6.00004030365016
6.0113170444266
6.00098043095354
5.97777748550208
5.97189784924317
5.98926567757942
6.01797366157705
6.00442417885121
6.00508783433739
6.01982970747607
5.99368748465872
6.00308020891599
5.99101497809353
5.98901932775951
5.9904464548935
6.02076584622776
6.02113907050822
5.95077822807177
5.91756975552877
5.98158884512974
6.05736784102069
5.95412547148008
6.01723625952897
5.96029586752563
5.97896024042238
5.95997488186856
5.93724647957136
6.05080797155742
5.99261582330208
5.98455628766058
6.00756761777361
5.99242534357224
5.99994480351403
6.01923354629683
5.9988997893598
6.01304667651392
6.00672472647992
6.00947033338952
5.99101941099907
6.021703392035
5.99082361943888
5.95490828426745
5.98087029660746
6.02633216666971
5.9914116649277
6.00378604089567
6.00122777671423
5.98486816903006
6.01914488651222
5.99578267863773
6.00830300417018
6.00683190248179
6.01036506000752
5.98646118902599
5.99184407074563
6.00905204844648
6.01030424495151
6.00053531886882
5.98805673234858
6.00765872285397
