Force
2.80702579893166
3.42492602361897
3.31574690285434
3.16242072424091
3.76035229355084
4.00144284369176
4.05082951923626
4.07823913870534
4.15888510882893
4.1017492096274
4.21950855915761
4.32252678222571
4.44079214370273
4.40319563991675
4.76723760705817
5.07368969164208
5.10300558221629
5.28561241266599
5.420648937932
5.56334036768917
5.63545629818213
5.6501380393197
5.72453230840021
5.7345531660736
5.77779715455843
5.7798478602422
5.85535968680471
5.87010037384761
5.88051664226091
5.96806027190928
5.91258251857018
5.96743947872138
5.90760191545725
5.9736925209063
5.76873662184178
5.93465780218547
5.95266915801993
5.93919835206858
5.9125857669632
5.93095977240208
5.94482149014388
5.96775395616617
5.97764185038772
5.9811820325556
5.9704476985005
5.97630954252909
5.97711711564138
6.00647665509252
5.96300563198822
5.97599519216469
5.97064411075341
5.94990752348971
6.00573375078672
5.99664528774898
6.02380862983708
5.99699672524419
6.02103963963871
6.00186577225681
5.96175279050615
5.99720391481342
5.96854197557122
5.93514329990541
6.00216518699136
5.96005866347581
5.99623744617461
5.9784517535824
5.96385576910759
5.96421474961417
5.95810972681984
5.97788817192305
5.95575804944803
5.95526304205899
5.98367669138979
5.95198738570068
5.95586121998105
5.94913192704568
5.97586445417591
5.96167542595112
5.94234191577793
6.00565137525716
5.99037824842985
5.99356081930758
5.96118411086512
5.99289239564801
6.02867068067681
6.02292289035083
5.94714230819998
5.95649904014772
5.99386813307454
5.9934401512658
5.97166655979383
5.98606225918007
5.98993607834339
5.99007873643639
5.98372095335987
6.00119548831551
6.03440340839391
6.00226124057174
5.9890659595251
5.98049175575576
5.98669090797986
5.99906148923802
5.97526701928116
5.97272987432482
5.97215465691297
6.00665972421575
6.00015029921067
5.99679416981265
6.00049230497519
5.98256626099593
5.98028283986626
5.99794755278039
6.04892998043193
5.93951819042918
5.93169423326565
6.01504368191336
5.98669581137317
5.99904868054889
6.00364019374961
6.01361188528762
5.98695037319179
5.99179082233993
6.00469068899245
6.00173472520184
5.99732667426671
6.01147146864487
6.00957308540451
6.10449123005184
5.94707539296242
5.96474051485955
5.98132141625061
5.97499992132361
5.98403667483715
5.98577416976746
5.99299661586803
5.98796535019358
6.00440271922648
5.9899956848504
6.00962907679321
6.01026763896525
5.97135442660481
5.98270602884253
5.98176495759822
5.99348833988754
6.00160804279652
6.00135169376934
6.01374461579626
6.00818730121797
6.0139187424779
5.97472202183359
6.0259528062639
5.97429171706427
6.00549125102263
5.9631936979199
6.00448088967315
6.0338935887913
6.00930633735684
5.98127470728192
6.01534401131806
6.01994970717636
5.99386053618135
5.98949559631538
5.99770146722116
6.00457176198771
5.99926321815539
5.99712671119525
5.98252855490802
5.99100100997575
5.98105811159211
6.00089451136931
6.02630293644999
5.99500599159032
5.98689212932463
6.00165657866358
6.0031595575755
6.00327447081269
5.9908779863225
5.99466568089728
5.98996095569624
5.98212489904419
5.98399048716658
6.00629924546927
6.03322338128291
6.00283152271983
6.3348136558507
5.95017944897686
5.97260350580839
6.00412792959762
6.02464094401901
5.95543097557804
6.01862590245832
6.01072568996213
6.01675115242775
5.995622194652
6.00673985640362
5.95165407070503
5.97995629785356
5.99577340766038
5.99082492353406
5.9897399476245
5.99248867945554
5.99608369503053
6.00075155912019
6.0058308270349
5.97248265489724
5.99113369143342
5.99981740005917
5.97242872594342
5.96271464501146
6.00176164674437
5.97883642248529
5.99787247480149
6.01344317033077
5.96235247569373
6.04518846805402
5.98176828920154
5.95777020935046
5.91984732036
5.91775251297262
6.02734106730073
5.94595812324569
5.96006022948333
6.00811223529751
5.97173588314707
6.00181622073962
5.99793221061815
6.00349536070697
5.99610456105411
5.99657464055144
5.98630014211623
5.99707819609179
6.00479095578123
5.99620110164622
6.00138757975413
6.00342321901859
6.00564788644684
6.00227280848649
5.99399900323275
5.99796402440077
6.02236199596649
5.94310742143839
