Force
3.19275252529581
3.80538734981009
3.95898874502013
4.11851289559888
4.3193512677744
4.51762687359413
4.59496420097654
4.79978176168675
4.75671630402369
4.81095235516286
4.66908781508258
4.58862019690558
4.73761726009374
4.88394671192428
4.96144167688214
4.97074140369773
5.01186419713372
5.0928436244432
5.14119998886183
5.28223684791999
5.34523510121719
5.56572793081272
5.60612730597854
5.63446603437573
5.67212741384942
5.73653866694183
5.76909581026602
5.78867452851288
5.83446932229001
5.90118959548778
5.89446635095447
5.89905064056237
5.92927809498752
5.91115657497113
5.97214595202921
5.91677171579222
5.97308189570855
5.94803855947336
5.94644769541156
5.96906173843353
5.96410834551077
5.97049553236453
5.96802140214619
5.94889556789212
5.96967047754251
5.96194218940199
5.981919974262
5.9700914655278
5.98169493082638
5.98398284242618
5.98418149611153
5.95877217799659
5.96687991940818
5.97125565782507
6.00245159104837
6.0162112102284
5.95722111946526
5.95339222449287
6.00739283490428
6.01352139439143
6.00659369645549
5.99932121745935
5.99773080452011
5.99854716700004
6.00191273603085
5.9788952809454
6.00848830935769
5.97603105076006
5.99501907939987
5.9541052288184
5.97187124786861
5.96558300805164
5.9852516149793
5.96041909877286
5.98030842189786
6.01584339182829
5.99205077383603
6.02560906065038
6.03281668109514
6.02608239202636
6.00845863245482
6.02459698145116
5.95653878120218
5.96680806642595
5.99349280234782
5.99013736947986
5.97950898718031
5.97664153448857
6.0289261032926
5.98120303332112
6.0050346678068
5.9945918008498
5.96733196934595
5.98504361630762
5.97358900252741
5.99926252031523
5.99126713695114
6.0093816384524
5.99305521793429
5.99785227565366
6.00170667028148
5.95834511129834
6.00274556396044
5.97202583956577
5.99503320324743
6.00654624428434
6.00471020201322
5.99325348863973
5.9787077922995
6.03411566976516
5.98626559797551
5.99707009359108
5.99021488966726
5.99255341885408
5.99160676561877
5.98734196588673
5.98415282241243
5.9972645847148
5.97376856726113
5.97832045864779
5.98070511839782
5.96126504901608
6.03337868221426
6.03863745521563
5.98849527448929
5.98780850085134
5.99282156836763
6.00883623746235
5.96635734068155
5.99408536322629
5.97685783410085
5.97536978799798
5.99368494139906
5.98104526448504
6.01392942071561
6.02388982099282
5.95129618048501
5.97591154116506
5.97601711653338
5.98868541006555
6.00559391085772
6.02286685418198
5.99620300106253
5.96972317160397
6.00629123442123
6.00263526924114
6.0145213562918
6.00855964453078
5.97614025723478
6.007766894468
6.00845251102564
5.96867647724851
5.9865200693982
5.93747819179513
5.96501966849944
5.97676080023611
6.01764073640027
5.97373364009663
5.97242482829612
5.98471818274221
5.98074420580792
5.99444289910441
6.02762886530647
6.00391056626814
5.97564132515453
5.99832725093803
5.97800835312651
6.0843478767433
5.98928541239454
5.98664545532836
5.98370921707347
5.98399066256549
5.99377470536753
5.99813165040842
5.99679645935849
5.96853978417978
6.01758817190814
5.96969364542177
6.0136057787901
6.05435088693493
5.97644177413216
5.97931855456765
5.99164049908026
5.99688381104998
6.00722722593643
5.97875759353632
5.99271182759433
5.97202839205534
5.99752985278613
6.00368225582689
5.98095281950041
5.99123913672716
5.98878913704928
6.01043466774458
5.99089766847627
6.00263534526014
6.00493246820755
5.99844718852529
6.00876994417835
6.0012467885272
6.00997030758075
5.98916233486778
5.99883607213126
6.00104032403327
5.99370289338513
6.01168768984266
6.01399267420214
6.00118793998013
5.97806421669393
6.00356465691234
5.99776151350927
6.01114085949441
5.99601716022114
5.9903451489163
5.98139265840502
5.99835977251524
6.00739317705498
5.97526971508388
5.98671312761723
6.00974951263385
5.99172431650313
6.00842735522309
5.99033459804926
5.99918168426382
6.00663730220773
5.98386277316491
5.9911054126046
5.99668377842674
5.99155932045374
5.98326260517487
5.99452816627839
6.01514808756315
6.02956436383992
5.99694914830217
6.00707893683152
5.99567353439729
6.01260633990217
5.99542509988895
5.99259416296406
6.00042002808562
5.98936289019066
5.99384870437477
5.98726654253229
6.0117805044548
