Force
2.89766098106919
3.73622753437842
4.14221759419844
4.18604525571345
4.10955145962474
4.41109174971989
4.58753359509554
4.66046544101087
4.7984939734994
4.8977086220489
4.7716539403947
4.71644161476478
4.83585827916015
4.90016694458043
4.90832574419682
4.91705356143005
4.79049287641071
4.6925921195543
5.04335595167312
5.15179665405067
5.32693367232494
5.26275751520302
5.42018952374572
5.61593286136284
5.64891084939306
5.71775201190211
5.70743942380488
5.76400517774954
5.77664879059045
5.83547244310138
5.85741421436941
5.8351050523359
5.88211366754086
5.86086128341419
5.91436728244624
5.9204989152496
5.94359292330703
5.96650498894598
5.9399371149062
5.93842409214784
5.9793422434194
5.96795799504318
5.98063807893742
5.95016045498274
5.98184347466738
5.96402933375898
5.97663795368898
5.96049698385764
5.96169318020319
5.9634109506136
5.97340134296534
6.00532892862838
5.97377921125439
6.01471904583492
5.99052717983842
5.99618538403898
5.99455983215173
5.97164022085728
5.98737013504805
5.99078769575342
5.98192724728254
6.07094782681929
5.92374658908593
5.97053924615725
5.95789927403468
5.97494294926665
6.01396400377256
6.02453173308443
6.06693616508902
5.97933088655642
5.9093896873177
5.98710055962253
5.93924649763079
5.92507978729426
5.98443085971947
5.97141314692937
5.94692663385732
6.00006773523182
5.95606433682466
5.94432625127312
6.00633807907367
5.94572361711934
6.02326611023841
5.9654581112047
5.96252562904595
6.00700437074711
5.96459127110209
5.96842888269389
5.97062803940404
5.94791406015714
5.97837771288973
5.98064441335717
5.96460046469732
5.99693347930274
5.95347613399119
5.99117584905791
5.97557760496759
6.01635805556477
5.99533904856407
5.92852137839119
6.0159302440885
5.96376907343743
5.95840230837191
5.95887012818672
5.95668160106325
5.9749575321052
6.00129738927366
5.99294936915426
6.01296740010112
5.96825647975181
5.99402533579954
5.9877938828429
5.9592464053581
5.99357330002036
6.02156236945429
5.98599131292017
5.98497051642626
5.99709204974675
5.99412420571906
5.98123816325564
5.99258005487796
5.9967133656554
5.9836802816411
5.98072516758848
5.99407146192669
5.99819364247314
6.00405478395218
6.00849582509831
6.01254720378886
5.99470304216453
5.9966535451359
6.0117235903433
6.0154000475947
5.98998840714901
5.99222832234046
5.97602172827055
5.98076745494275
5.98403551632247
5.97901582095217
6.01543905095939
5.99603610615636
6.0071175644773
5.99923355655158
5.99148898517866
5.98212715857077
6.00843762705573
6.00651801702888
5.98296156432111
5.99617920408212
5.99720497825341
5.99725149911874
0
0
6.05066143721547
5.96678006719598
6.01459186211871
5.99235809239843
6.0034769417925
5.96963148920897
5.99948772692253
6.01122128663607
5.98415449836277
5.99882864359392
5.99071318559014
6.00324222225076
6.00647643817721
5.98698526873227
5.99791270195867
5.98388708627679
6.00082686277926
6.01775013963498
5.99408127325304
5.99771059366979
5.99260146364246
5.98462159244094
6.0066339464155
5.99464939800167
5.990278868201
5.99288188792868
5.98347092650186
5.98869261257223
5.97492137796842
6.00003019959649
5.99117654627825
5.98136914457723
6.00619996066502
6.00295279510789
5.99251364318197
5.98159903576147
5.99287688973712
5.99316025211269
5.93838055445337
5.98717266640261
6.00025291822259
5.97757410863389
6.00662032138573
5.99759000951712
6.01407053195973
6.00297404399405
6.03383501671996
6.00629961553426
5.98942747040637
6.05892321732699
5.93643459774045
5.95263926613414
5.96713550233744
5.9700688634869
5.97650196255532
5.9966089407088
6.02011278289711
6.02594574947445
5.97261673146803
5.97849611993928
5.98024897658063
6.00377670328762
6.02359290418775
5.99488147506127
6.00130857790286
5.97222305580996
5.99766678521722
5.98632380883526
6.00431424531766
5.99844078595755
5.99018171957569
5.994796749134
6.00477927195326
6.02732830031509
6.00395552237229
5.99417089329598
5.98381718736086
5.95751517154574
6.01515279508042
6.00532441433169
5.99064875122999
6.0015018629029
5.99212774404951
5.98285462467259
5.99543407437873
5.98471502284035
5.98752713793904
6.12728331437816
5.95866430447126
5.98631014515121
