Force
2.57273084991641
2.57787645696747
2.57589566142931
2.57732825945441
2.56981339646006
2.57778838551204
2.57451449323481
2.56856396422839
2.56397949539846
2.57453895406155
2.57868198472474
2.56789976038015
2.20303350947712
0.699745124157891
0.712207243610681
0.423685565442651
0.147178393369504
-0.174276529280545
-0.129747481140031
-0.647406368640965
-0.869412724431237
-1.23150463600109
-2.00391545342155
-2.418124931496
-2.68636645838867
-3.17569266934593
-3.40474774242796
-3.67784798991754
-3.72930720634988
-3.89952616857812
-4.00164800181759
-4.12426625501503
-4.23188491388741
-4.22219430696292
-4.23608051615306
-4.29771283553613
-4.29545525045885
-4.30335335274489
-4.35093896272712
-4.35734341848282
-4.34319699841717
-4.36130998091144
-4.39140037906173
-4.40472920856535
-4.42957171547136
-4.42711513891009
-4.43992642724721
-4.42263951919882
-4.41372289547545
-4.44992393743286
-4.41659225563588
-4.42678913317287
-4.43189666230396
-4.4737510094414
-4.46043083058081
-4.45969356530725
-4.44597470267071
-4.44675979201532
-4.4454787779611
-4.45525827553108
-4.46130019003395
-4.44919987103458
-4.47697295226079
-4.4823452727087
-4.44423274486469
-4.47116616055878
-4.48042147447522
-4.44826110156955
-4.48942308231318
-4.47448225031667
-4.470208933574
-4.5095055317254
-4.47029306825646
-4.49734103712336
-4.46858685088458
-4.47868716716891
-4.50918860696351
-4.54617565012407
-4.52714539602188
-4.47934119684744
-4.49649353160919
-4.463740644664
-4.47822793226627
-4.47296525803719
-4.53725502273444
-4.49479894212093
-4.49203743967655
-4.47478298245683
-4.47368983505048
-4.47284589137673
-4.51577515312982
-4.48550174310168
-4.48793110463922
-4.50323346231636
-4.49121769220628
-4.48558045894303
-4.496206012409
-4.49259526479502
-4.50760373319245
-4.47878308127763
-4.47634513841802
-4.46889395307315
-4.49092844802596
-4.46300650216794
-4.50051608977505
-4.42565490830138
-4.47694444771875
-4.51242253046925
-4.46055782883813
-4.46799144495833
-4.4764051603356
-4.49402159247606
-4.48533488315089
-4.47900444885589
-4.48769155172008
-4.47813709728994
-4.4792912745848
-4.49153914327273
-4.47492814395997
-4.49011796916608
-4.48209268109439
-4.47467859111913
-4.49442751859999
-4.49250836447052
-4.47236453269289
-4.49482347046514
-4.48363657230388
-4.52117292855331
-4.49418734417314
-4.4688639382657
-4.43410127529425
-4.48677488876702
-4.49310089708738
-4.49665976097401
-4.5094074954089
-4.49768631453244
-4.47881963223496
-4.50544268302542
-4.54907028599641
-4.4840967022538
-4.46168941069905
-4.46590331645779
-4.46979493823386
-4.51191506795367
-4.47157671578835
-4.49922177282766
-4.4890621228576
-4.48229507755825
-4.49226064464114
-4.49531763632573
-4.48372361651727
-4.50015343771564
-4.47164833617775
-4.49890279428217
-4.48566090205555
-4.48155054808694
-4.47683995736649
-4.50376120152155
-4.51329120481252
-4.48167648747018
-4.46663486857788
-4.4457734413049
-4.44301988773562
-4.49682714932676
-4.48602092981767
-4.48170603070675
-4.49310947340046
-4.48821310697934
-4.47720770777166
-4.48074407416905
-4.49125829827307
-4.46936739467625
-4.5069112464991
-4.50043318841367
-4.49842786691925
-4.49152794547008
-4.49503469614185
-4.48603981342374
-4.45708870154693
-4.5861634569949
-4.50245391029443
-4.47057334304364
-4.45894028895072
-4.50254413685062
-4.48903611604109
-4.5068912958072
-4.51480339027083
-4.46397912246651
-4.50462704813479
-4.53400525040251
-4.41952238112643
-4.44963039253271
-4.46798256305015
-4.49411030056432
-4.48177168872292
-4.5231480050095
-4.50795353234099
-4.51530179688242
-4.48209503619757
-4.48268823290436
-4.50524939707575
-4.5145529523169
-4.50522002770393
-4.47644499544737
-4.49989099086133
-4.50537915106925
-4.49588838075102
-4.50832012617337
-4.49195597001153
-4.41000174835915
-4.45275079492902
-4.48177602868941
-4.46810858466303
-4.55993763434794
-4.45333286540843
-4.48816527479578
-4.46483218170729
-4.57159462211708
-4.45551300116116
-4.47048644502458
-4.4779743597625
-4.45663570164871
-4.51720050669841
-4.51235981311071
-4.51634645586861
-4.49878094081636
-4.48364537385337
-4.49745379171767
-4.49716800577624
-4.49365502272164
-4.50237998791102
-4.48899699148584
-4.4949545992985
-4.48315525182105
-4.52498513715011
-4.47528310375355
-4.524727803137
-4.50430563760834
-4.50313113824694
-4.5049424116559
-4.48159745108399
-4.50648633838159
-4.48838444344076
