Force
2.53735095543792
2.53685309312756
2.50928790368603
2.52739054917972
2.52644962414055
2.53369631790791
2.54003630700041
2.53448499149071
2.53594911120868
2.53300323811882
2.52355428003208
2.53037333769875
1.72722692553438
1.15509014674209
1.11836085386463
0.713249664505173
0.373815913231867
0.326964285959141
0.389024800476653
-0.563551249206625
-1.16064682534158
-1.86369304061493
-2.25906220068915
-2.8790849505688
-3.08168572445974
-3.53501316466821
-3.69738703104484
-3.83589408381197
-3.97603026129746
-4.10716293115241
-4.22846998220057
-4.23683662238732
-4.286083350687
-4.27279607624918
-4.35490399632745
-4.3394199706949
-4.42442420089933
-4.43255789217176
-4.38892830290106
-4.44763505501962
-4.38296635644611
-4.44587975951
-4.43008875816228
-4.44825594761415
-4.45824801296776
-4.35830653992551
-4.35012846398611
-4.26237251009399
-4.15843140351162
-4.06225692043274
-4.23367206712143
-4.13563723259818
-4.26147155354033
-4.28735253481264
-4.29561628792893
-4.33237366827605
-4.40356665599797
-4.36580707854375
-4.40039316362433
-4.45410859656869
-4.45974882629784
-4.45072944163055
-4.43473911090251
-4.48145392875186
-4.42048356429934
-4.49363942866042
-4.48939766993205
-4.40610185276099
-4.48737592906148
-4.43497760556916
-4.41306959166408
-4.4804666089379
-4.43610278010402
-4.51200142129178
-4.4511326095772
-4.49951125681482
-4.45105293768747
-4.48635731618097
-4.4941438472274
-4.50762120409444
-4.43824331766591
-4.49425238545177
-4.50023170395103
-4.48479098857063
-4.50082031188696
-4.46980241614914
-4.4880336050002
-4.51939377949156
-4.45132092509835
-4.44319817092203
-4.48985837334735
-4.44778409846905
-4.47787964604216
-4.52526930077796
-4.49955348040775
-4.45822069919907
-4.46852666255257
-4.46425483062356
-4.49317050997048
-4.46286058778885
-4.46452177250793
-4.50984385252019
-4.4877868908184
-4.47803653515571
-4.46820555633942
-4.52557326101534
-4.47514704100285
-4.50297613159466
-4.44612506989657
-4.43475574586547
-4.4700094669306
-4.46589662168003
-4.46838928678237
-4.47720278564964
-4.46688741740922
-4.55566367298149
-4.48898138937442
-4.46214241536652
-4.4835730395726
-4.50037842438857
-4.50394257423703
-4.47897946682054
-4.494311970984
-4.46520032397496
-4.48864374780775
-4.47509057862729
-4.50868081477789
-4.53489554507355
-4.45110541895837
-4.47631730144431
-4.52541536452585
-4.48762770223582
-4.47791694241398
-4.48108259928994
-4.49996752159953
-4.50874750124404
-4.46860839514342
-4.53352889355979
-4.447556727468
-4.45792754195899
-4.48582285363679
-4.48909188636301
-4.49507938451224
-4.51042056274784
-4.51457587805095
-4.48097428758547
-4.50789755552854
-4.46655598769581
-4.47897525329966
-4.49415377925165
-4.49637842652066
-4.44755575103566
-4.46460515022898
-4.47560583549397
-4.48308204991217
-4.58715388759325
-4.48013888379975
-4.49074492211955
-4.48886328925904
-4.51091582411078
-4.48407060185164
-4.50281036629232
-4.48869797745562
-4.49348988327106
-4.5025626290355
-4.47321533536063
-4.495399234246
-4.50531065291844
-4.49627907754423
-4.50714359925319
-4.50283686819465
-4.59636544037538
-4.47125017893998
-4.48453690231091
-4.43682114269669
-4.52950768464974
-4.4726556740846
-4.47768075586787
-4.4698918580446
-4.54130700174489
-4.56720016708012
-4.44742044144624
-4.41693013190475
-4.46126943594481
-4.58668400232929
-4.46728322801301
-4.41473244236481
-4.44718682521002
-4.51853110868112
-4.46591262949711
-4.50061984755342
-4.4957362095273
-4.47913617675743
-4.49939643875371
-4.50020578717614
-4.50742265344417
-4.51666359514139
-4.50068040934278
-4.50901788743333
-4.50322012732878
-4.49368790042963
-4.49448057079904
-4.49289488669851
-4.4952040050603
-4.48171040667546
-4.50008554064012
-4.51079148906673
-4.51627319044792
-4.49491298598885
-4.51675952097913
-4.49648302609244
-4.48326169605787
-4.50910529223631
-4.50037761539122
-4.50737624367914
-4.50402944771084
-4.48055273296625
-4.49159247913555
-4.50741487043939
-4.52181873349772
-4.48888794515204
-4.48890346310294
-4.51116546888665
-4.43313220118222
-4.44190368710492
-4.51524356051808
-4.48151239279351
-4.49651679282521
-4.49411849081447
-4.46393078911039
-4.48813031269288
-4.47701227259879
-4.45326735288333
-4.49421131961643
-4.50321062171681
-4.49556222555023
-4.49719776106121
-4.49390409268911
-4.47630950757069
-4.50750805730984
-4.52048739192399
-4.4908200243764
-4.50094616931066
