Force
2.3087586745878
2.30093513983799
2.31640852271312
2.30351193118739
2.30908829322328
2.3005778935719
2.31538292535561
2.30689634932075
2.30262147804358
0
2.31782671809711
2.31173011037734
1.5399420078076
1.15628176558368
0.884288027928286
1.21197890690564
0.431215025354189
0.552962767083506
0.433389694005252
-0.499825697332431
-0.964864373308553
-1.54486910084181
-2.36306959727729
-2.60568791702507
-3.07737285178992
-3.36548079706908
-3.54522180848281
-4.00072217858065
0
0
-4.06914520318781
-4.17488404947479
-4.26596668930104
-4.25161806337348
-4.27954002161581
-4.30955948895496
-4.34462028066907
-4.33693786391479
-4.36025444286099
-4.41180379785231
-4.40604529966051
-4.42810002692677
-4.44323636846035
-4.45292788611847
-4.47771105056545
-4.46867401462734
-4.46620446017455
-4.45038153345044
-4.49151684554849
-4.54391125369945
-4.48151075954502
-4.48079707956216
-4.50208782510961
-4.44675521571243
-4.44508024172008
-4.4996827984532
-4.47648738012608
-4.4984645937816
-4.47347775063061
-4.47890126665673
-4.46409233184545
-4.53698661939735
-4.4379508278732
-4.46652476797767
-4.48646162632051
-4.47141842955479
-4.46522999345633
-4.58465203695661
-4.44623619300109
-4.4710047370717
-4.46084614258618
-4.45173588477671
-4.45848999062745
-4.45979803089187
-4.4392870310219
-4.46244703251651
-4.45009272365389
-4.44335379239682
-4.46775703419583
-4.4687901746492
-4.43847895442041
-4.49320185823934
-4.46922723319818
-4.49987587907355
-4.49966303562311
-4.51811475501948
-4.4941585356271
-4.50030747246833
-4.48601953366593
-4.47782236921588
-4.45856865283835
-4.48356394536058
-4.49096281614539
-4.45416463928312
-4.493919363129
-4.49366752803949
-4.47625176498336
-4.51235648772701
-4.47520691875051
-4.52150215515359
-4.49976403731532
-4.46791712218258
-4.47305949533095
-4.46233755624804
-4.49922406735919
-4.44817026945735
-4.43905003748883
-4.52254504648111
-4.42891793430921
-4.45023557992252
-4.61971796963514
-4.42020570499166
-4.46817652344222
-4.42808074685686
-4.52892125353821
-4.40352386478478
-4.44986475448109
-4.45266215419491
-4.46664194262944
-4.50003263219101
-4.48175053658152
0
-4.44221927309777
-4.43970258101286
-4.45588124813327
-4.48521226579549
-4.48015946251737
-4.50210843201032
-4.44522201245198
-4.48042651023064
-4.55488162614062
-4.46666511820154
-4.44656835839795
-4.48563531886326
-4.4651404999173
-4.44629689496545
-4.48580111855955
-4.48284675126505
-4.48185377380986
-4.50264608654917
-4.52534625971632
-4.48990976024792
-4.40614073909047
-4.45467863576066
-4.46462192241976
-4.48092385400569
-4.47733153924025
-4.46350652179846
-4.53460096032116
-4.4457909180923
-4.46555001140847
-4.49624293984307
-4.51576373132523
-4.47891713126567
-4.49025237885311
-4.49510190493346
-4.52236067533963
-4.47055746207504
-4.50224186736447
-4.45815586696121
-4.45372875653711
-4.45615435465337
-4.43852167522617
-4.37774929716893
-4.420411226323
-4.36702334021416
-4.43060639431899
-4.36498926102566
-4.41282363128312
-4.45278447517624
-4.4292326390389
-4.46298574043479
-4.44689516893888
-4.53521107900421
-4.45774193731427
-4.48237144949906
-4.52106628324068
-4.45447281887136
-4.49425556635899
-4.48106347575954
-4.51979909291451
-4.44327144689182
-4.46480702622932
-4.4826013060533
-4.49596753893027
-4.48001373888357
-4.46354632007426
-4.54256892317069
-4.46840505597631
-4.45032172757698
-4.48763137180789
-4.45400245637075
-4.47059537426868
-4.4856181947436
-4.5503336591927
-4.50901518245134
-4.46030589888687
0
0
0
0
0
0
0
0
-4.48169073996848
-4.4626139857763
0
-4.46663899602398
-4.4682814711853
-4.50793723465493
-4.42525057723548
-4.49616339215204
-4.4936206221835
-4.47271489875029
-4.563002803822
-4.48050386686603
-4.49506815566388
-4.47841222417399
-4.55683656031506
-4.44760010983918
-4.47752787649999
-4.44605853614876
-4.50112962920137
-4.48878932402473
-4.45237309937431
-4.42448760084625
-4.49334988158168
-4.46497503826231
-4.47522852755133
-4.47598506599938
-4.45468342778112
-4.45566415984889
-4.46504911879902
-4.4790327242242
-4.48711889549038
-4.49112549143036
-4.48220877290806
-4.47860277667826
-4.49106993493326
-4.47016349011046
-4.57492092932591
