Force
3.53974583270837
3.5414478726741
3.53822187066223
3.53665346410475
3.5439839573734
3.53027124260394
3.52834402000421
3.53235316293471
3.53255182640411
3.53553955189011
3.54180702221905
3.548541174515
3.5344436932182
3.54555909606077
3.5218563559636
2.28951645078616
2.0878934019707
2.06894565124312
1.89107628145816
1.71816972400282
1.7013772404747
1.5902580114883
1.32650679687683
0.802777385442781
0.0363863214344948
-0.685036284502123
-1.52467040276932
-2.03623025383818
-2.57221264094445
-2.93257216799255
-3.25521650499897
-3.48235094495008
-3.68232924862874
-3.83110760376616
-3.9948704112738
-4.11488179188093
-4.1556642536898
-4.22825205848722
-4.25954221810347
-4.31331867017805
-4.322316555925
-4.33351948215547
-4.35433776430973
-4.37334687115456
-4.40584373160632
-4.43485505329339
-4.42356230552324
-4.48048870398757
-4.40222708854208
-4.45751130318905
-4.4316959728777
-4.4652888318171
-4.47493048735828
-4.49503284078749
-4.45031294800187
-4.48695470064546
-4.51561766925664
-4.44917822172405
-4.56983832706599
-4.44610290595102
-4.45684580505668
-4.55136078572506
-4.42406752670918
-4.53711021318707
-4.45247591083936
-4.48545848337148
-4.50317258375959
-4.47125198271893
-4.47610479823278
-4.46133954673264
-4.47236920927438
-4.50471166144547
-4.47152942438657
-4.49721710304458
-4.49974323076942
-4.49702866721912
-4.49593295704452
-4.49718602418955
-4.4831350387425
-4.50419864243147
-4.48652339868671
-4.4974055501231
-4.48877349336054
-4.5175487406889
-4.51523715223784
-4.49116414520754
-4.51465656393451
-4.50814199654049
-4.47780446402979
-4.51133505284979
-4.49771754931774
-4.49327021840141
-4.49356686702931
-4.50341498758282
-4.50121337185278
-4.47375353143477
-4.52583613048606
-4.4743858283338
-4.43893786638968
-4.44285447158151
-4.47829878695477
-4.5159069732551
-4.55935882978442
-4.4753658613164
-4.51333555790658
-4.49417473629664
-4.49825863260206
-4.50468564376198
-4.49030414454199
-4.49727886583987
-4.48925146060235
-4.50864703123717
-4.49994544787897
-4.50269317491099
-4.49141829771011
-4.48380020816589
-4.51569549737848
-4.48096573425975
-4.5357954826031
-4.54451237421874
-4.47933749763318
-4.49697384820578
-4.45661974990622
-4.44082073616434
-4.49712148575304
-4.48245799064228
-4.50857272166335
-4.47506978129171
-4.51662741272589
-4.47385927173815
-4.48206194338667
-4.476050473636
-4.50113809224014
-4.50495854002597
-4.48397559897047
-4.49245374947846
-4.50631579001044
-4.47230022415165
-4.53574531873959
-4.45782139307715
-4.4981852160496
-4.48026311901497
-4.46344779942866
-4.4721536211832
-4.50025765546229
-4.49442770145806
-4.47923232897605
-4.47625982589866
-4.47977180676941
-4.49545138562021
-4.497896375988
-4.50233898226085
-4.50333855532716
-4.49153121839587
-4.52073794866026
-4.61457123601223
-4.46634612872724
-4.46088127023209
-4.46765657629848
-4.48095183109084
-4.47105513963467
-4.49763511170527
-4.5118620782323
-4.51336033760735
-4.4738330884687
-4.5113388439196
-4.50064882870925
-4.49711499668718
-4.50931658578003
-4.495211946209
-4.50829851505287
-4.50116798276553
-4.4890280797949
-4.52856775831031
-4.49085274012046
-4.49679664776482
-4.4863881548809
-4.48776876328573
-4.51050999083465
-4.48965424419688
-4.51666759550657
-4.4873605696455
-4.4921306861144
-4.47280728952282
-4.48149318968861
-4.48824342696567
-4.48625584172002
-4.49799216511752
-4.4883215048564
-4.4789012643996
-4.4529397876448
-4.59585475548666
-4.44996317675955
-4.49179158515643
-4.43898002147966
-4.54211110478818
-4.42549076417036
-4.45539903171444
-4.48835821027243
-4.52093731423103
-4.49643768085214
-4.49220501233532
-4.51377139150709
-4.48174598655754
-4.47466368015545
-4.54882209921776
-4.46811791711424
-4.484137851574
-4.47815619974353
-4.47490764982727
-4.49201916234157
-4.4940548771767
-4.48429544051991
-4.48103764244595
-4.48829724403457
-4.49184597748431
-4.51054014485129
-4.51710105407122
-4.49445357373884
-4.49456566600037
-4.48546664959196
-4.48906138542922
-4.47849613815533
-4.49517813162145
-4.49024149385044
-4.51160019898201
-4.482200613861
-4.51211213503396
-4.5128157248566
-4.50454663833654
-4.49484804985797
-4.47449315802489
-4.43582174461681
-4.43702597536284
-4.47986485006727
-4.49366562831039
-4.49256864386524
-4.49501543918634
-4.46571503446596
-4.48814075915068
-4.45786903448502
-4.50268568606694
-4.53378944751527
-4.49884383583412
-4.50647267503945
