Force
2.15458748144113
2.14096258009587
2.13799176276396
2.13653666685661
2.13327607110437
2.13025110441917
2.13729959670822
2.12408155659274
2.14020680256263
2.14324160376378
2.13544307083211
2.12449644977804
2.14459102972243
2.11981420643041
2.13916968659667
2.12965586147578
2.13005591553995
2.14062332872135
2.1300487347384
2.12251526625583
2.03369256863654
0.713163990735347
0.578597557702684
0.340953397214864
-0.165995617945179
-0.0894627927780853
-0.149064038024087
-0.173132326013295
-1.21632657635879
-1.50364027932739
-2.13918396431375
-2.54529818957845
-2.92576496759461
-3.1765794966084
-3.55500270288866
-3.62205334810904
-3.68274326931567
-3.91515632924977
-4.00454653180315
-4.04015120537167
-4.13700288456188
-4.15405126142359
-4.20464503210834
-4.26726229437696
-4.22246002616191
-4.27003636188562
-4.31342336953669
-4.3044516445345
-4.37503518719311
-4.4316756649091
-4.40981377219972
-4.42348379180901
-4.46059062830259
-4.40983348070276
-4.44334174591066
-4.47313347571253
-4.46814512954546
-4.45245061518954
-4.46971389322913
-4.50593446611941
-4.4383556651456
-4.51219442406612
-4.46823429305463
-4.43065693532001
-4.43811315751819
-4.48039832756698
-4.39334402214308
-4.40837682893455
-4.46581038906178
-4.44359615754592
-4.42672592437978
-4.46652564034493
-4.47131198824407
-4.45966514738504
-4.42022520885067
-4.43628960251201
-4.41315994235209
-4.45910581792948
-4.39148478074456
-4.42462975536222
-4.43753991520769
-4.43138587998614
-4.46176482605658
-4.42409341118218
-4.50808766343171
-4.47067555604106
-4.47730996335605
-4.47548202741198
-4.44055403768971
-4.48770726734305
-4.48909005521093
-4.51762071900345
-4.49697398924108
-4.46927342053447
-4.50518840107191
-4.4800028879226
-4.50047666385408
-4.51932887105945
-4.50198888685807
-4.51576265571761
-4.4463322430583
-4.46990483335828
-4.43041988094214
-4.51946810971405
-4.48701537460412
-4.4848990093756
-4.47205040118339
-4.45710915371707
-4.45133089782296
-4.47866957723898
-4.46265238030379
-4.44523997343432
-4.46906596398543
-4.53519337596296
-4.45531702023991
-4.47361988624317
-4.50230793668837
-4.50640715295581
-4.48288627906158
-4.502600466005
-4.49063432604234
-4.50154107041186
-4.4860206617325
-4.53124093436783
-4.48554413910801
-4.49945420835075
-4.51040790107476
-4.48675081728194
-4.47141444362774
-4.50209966990685
-4.47325884172283
-4.45953529859882
-4.50440272620973
-4.4957205378593
-4.45449291511455
-4.45052462170639
-4.47508885342004
-4.47269317186684
-4.51539791475108
-4.46172396629789
-4.4789416520125
-4.51022156758542
-4.47972816356348
-4.50119258303508
-4.48249680286235
-4.53218953421061
-4.46074367086483
-4.44400770838148
-4.53580273001276
-4.53073534058303
-4.47496957966572
-4.50999503857217
-4.50612081482503
-4.47563476279103
-4.48434431375334
-4.47307366411324
-4.46652798736458
-4.4520572258609
-4.50591966975129
-4.4186394220848
-4.44387330621445
-4.45871768147124
-4.47571033631882
-4.49331666738512
-4.44671122406966
-4.60838779537825
-4.39886168707331
-4.49860773308982
-4.43565822033358
-4.46646430268416
-4.43816723610452
-4.40700956995289
-4.44125209317681
-4.42684533762745
-4.43747733194642
-4.45409993286781
-4.44610059921864
-4.45810555138413
-4.49033001614777
-4.48582111857132
-4.48275194033663
-4.44191886652293
-4.49754942462393
-4.4738525600572
-4.48445128788919
-4.44999454316111
-4.47817530368356
-4.47631082255973
-4.49260452476658
-4.47392435752169
-4.49524151212712
-4.46489377396583
-4.48805515964526
-4.5021701462605
-4.440469545403
-4.52393253486126
-4.45672671261551
-4.45346871870033
-4.47198647077774
-4.47172834180144
-4.50907992775989
-4.49360544367727
-4.50141246065724
-4.51171142620219
-4.51312982942979
-4.52138962390698
-4.48634989191081
-4.53072574023866
-4.46719808613302
-4.49638837215297
-4.46962685333785
-4.48876783517499
-4.48853187556211
-4.46063937976219
-4.48890756168996
-4.46904300583813
-4.50855931918608
-4.48464154552277
-4.49308097893398
-4.50180744114562
-4.5081266637558
-4.50213690523431
-4.4706195534757
-4.48427561858476
-4.5417949697139
-4.49457014791149
-4.45164637869364
-4.47170351514321
-4.44781073899009
-4.50376635728152
-4.49498313181001
-4.52123389949717
-4.5167070394904
-4.49358302795302
-4.54264880398013
-4.48045130985584
-4.50106763967268
-4.48651619835939
-4.47683135737686
-4.49668548968454
-4.48522531998049
-4.49747056387324
