Force
2.21871192595116
2.20527082851303
2.22138706785255
2.21496288721195
2.21262797678483
2.21901620348437
2.21432841865164
2.20813815216363
2.21082368917534
2.20457814755779
2.2113049441078
2.2083117209453
1.47789907261433
0.943732921833546
0.82392926738
0.611282935547744
0.191377568549853
0.202103780934736
0.331532113951602
-0.0601024992578801
-0.905917844688241
-1.45378805465314
-2.12189079145433
-2.5532917506456
-2.92976323575484
-3.11928926346171
-3.37606112859424
-3.68575921383352
-3.73061297397567
-4.0836621247543
-4.02128899265003
-4.15472766659642
-4.21645003094315
-4.20366791752616
-4.28936072274316
-4.30355175433932
-4.35292352190375
-4.40455866955201
-4.31697493171804
-4.37235272080623
-4.42627569262476
-4.4528983928061
-4.43756642235815
-4.54439185760442
-4.50058501377966
-4.38164042111149
-4.41355513504496
-4.33657745252636
-4.39823363909957
-4.37579684954531
-4.5034454340116
-4.37527681422932
-4.44470807394278
-4.4412401359231
-4.41963665304444
-4.48278172967948
-4.42670773368519
-4.47010851139689
-4.46822992105869
-4.50679494505142
-4.43004513689379
-4.46901585393839
-4.48666602255823
-4.46449736020058
-4.43625834106967
-4.50111291571115
-4.44883026910946
-4.45995482200788
-4.47442201684598
-4.47425599581671
-4.48023809613545
-4.45310610846012
-4.47505300396544
-4.5030088406502
-4.47838102157355
-4.50362334317232
-4.45323214110088
-4.50297547688189
-4.52384601728467
-4.49353510932327
-4.51007681981197
-4.51443837325873
-4.48735558362508
-4.47403451527048
-4.48766517602885
-4.46548554064203
-4.50821217213765
-4.49205059808607
-4.48115697585136
-4.58007549380461
-4.60693787228229
-4.37764983574479
-4.55098510636821
-4.46227582207137
-4.45305009778968
-4.48671431900893
-4.51484785730428
-4.51488949647772
-4.55558074352157
-4.49008598780923
-4.46602249471431
-4.41876711723713
-4.46850683343205
-4.4605263197524
-4.45873023761357
-4.45892445215907
-4.46735053904913
-4.46368945261366
-4.45478371147559
-4.49400571016568
-4.46862686744509
-4.45997810780724
-4.44864020000343
-4.48078252222592
-4.48561498233063
-4.44914805589425
-4.45786820208432
-4.49685460462292
-4.49932137144429
-4.54269417739156
-4.47064325770916
-4.49526039788024
-4.48188458445497
-4.5587210033683
-4.4988696055499
-4.49577628628276
-4.48800044201263
-4.39703985817653
-4.40420916292053
-4.43449621752403
-4.40404213031105
-4.49681181644228
-4.44275409652455
-4.43999605850824
-4.4948651160566
-4.45096218559821
-4.44800113029233
-4.44345545310775
-4.49041742613739
-4.45866319581607
-4.52563831129615
-4.48186637117806
-4.47255167878504
-4.49207862833207
-4.47538231081765
-4.5244088324804
-4.50540873695467
-4.48649182155742
-4.49544877842087
-4.52058328041815
-4.47605365480754
-4.47673419474321
-4.48790037909354
-4.50621860171512
-4.4814584869963
-4.50651907052116
-4.48041768680442
-4.47811457143929
-4.47440321759945
-4.5496836632603
-4.44715763485963
-4.44705487122276
-4.46755076858452
-4.58775277415847
-4.47647578900695
-4.4327408533691
-4.52436175580438
-4.48270189902042
-4.4619107670166
-4.46971529550128
-4.48692905928027
-4.49571037834256
-4.51039697061097
-4.47636447454265
-4.48999331344759
-4.48097087614506
-4.49954961233233
-4.49878888303656
-4.49638112677649
-4.45669402943242
-4.47335752657004
-4.4737915737343
-4.46674613223243
-4.48661344780238
-4.47285860518634
-4.5599341529275
-4.51250618519784
-4.52716832182964
-4.49864852899535
-4.49384412117163
-4.49745511736749
-4.50218476129137
-4.49272590618727
-4.50348019500403
-4.49253152558771
0
-4.48795488300957
-4.51860637580659
-4.50993390551681
-4.50399321579232
-4.54160579798025
-4.49647322363624
-4.49037835758287
-4.49579712299708
-4.48359053696906
-4.51359902187975
-4.45421964287382
-4.50634361171398
-4.48517546300499
-4.53752220550124
-4.54056125284001
-4.4771317333038
-4.49844736815088
-4.50486735637577
-4.50347002627997
-4.4874124906605
-4.47970667915439
-4.5076417373792
-4.4705744674347
-4.49361009597624
-4.54930516479264
-4.47449160190845
-4.52861325388235
-4.4622779635665
-4.4541964003668
-4.49390357445506
-4.43809873959707
-4.50425358195469
-4.48945210728705
-4.49470142551479
-4.45901467997399
-4.47637889259468
-4.5038859347774
-4.4803348872493
-4.50840152013331
-4.50483180104806
-4.52614164765244
-4.46543715036213
-4.51372765090253
-4.5150782152255
-4.48335412549954
-4.50186909453393
-4.47941204970401
