Force
1.78810847964631
1.78719706514249
1.78750887138093
1.78822804695552
1.78839432885942
1.78787380801025
1.6479706958912
1.7886900991103
1.78814305828309
1.788221967141
1.78748910436647
1.99534130350445
2.16696596592237
2.21057818984164
2.21127688234651
2.21209091878408
2.2135008522656
2.23827787674704
2.21392180196898
2.21289021227286
2.21239704328302
2.23725379330996
2.23762542811991
2.23780427811057
2.31922453434796
2.33985186433367
2.47489679723532
2.47517403484468
2.47511120922749
2.47507249731734
2.47553915484449
2.47546727063027
2.47496328683174
2.47497005897501
2.47464182901347
2.47497055700058
2.47524820787
2.49993616871112
2.53027301613987
2.53060813501925
2.53058441196644
2.53098706991671
2.53111938148196
2.53125972019433
2.53119080913482
2.53155016175937
2.54201852910976
2.53143183595778
2.53176257308836
2.5417931013456
2.53151790952285
2.57045323476593
2.57056385862671
2.57058747454364
2.5707379161634
2.57092612501872
2.57097689838921
2.57102870059852
2.57133165822227
2.57646534067322
2.57119963271071
2.57154270844631
2.57130404246433
2.59882396457839
2.59917212694628
2.59891586881679
2.59911822817706
2.59919587208496
2.59919558673162
2.59932881619915
2.59915011625571
2.59924647851862
2.59918618907289
2.59924679117765
2.60573677991296
2.60960752080267
2.60954925507924
2.60968509665579
2.60974907238317
2.6097237677183
2.60973513861811
2.60973349511706
2.60982280533547
2.60961925271737
2.60971211422695
2.60969396725589
2.61276992183261
2.61278475297519
2.61178241235602
2.61778803631956
2.62176326389652
2.62184694628153
2.62177316757657
2.6218304881908
2.62173474220902
2.62173966504437
2.62188755173306
2.62179660933903
2.62180379604654
2.62179995818941
2.6217826628013
2.62375152423668
2.62004911101765
2.61990172960903
2.61982316499127
2.620099196344
2.62031403495902
2.62065174555346
2.62142702632022
2.62148688805861
2.62096019732532
2.62128193777562
2.62143374032774
2.62136351970871
2.62204446025284
2.6235725194774
2.62373097013637
2.623474247952
2.62349429989743
2.62347938645122
2.623689044677
2.62358367696864
2.62385363848065
2.62353297056547
2.62357595801696
2.62335520825465
2.63180492160939
2.63023384268088
2.62434533306326
2.62506069305646
2.62496183843267
2.62305019380488
2.6231353476311
2.62318516257078
2.62354003817252
2.62409854169009
2.62304948605661
2.62291176118051
2.62285057843344
2.59801983125812
2.59781182259271
2.59767481055293
2.59792327731817
2.59778383425016
2.59781087319639
2.59780997427265
2.59781913283182
2.59780774211676
2.59783237052449
2.59803160537605
2.59811537494413
2.59667748025629
2.59653959866086
2.59648042315158
2.59662321748619
2.59655318013912
2.59655211275283
2.59651422198093
2.59659185394799
2.59655380806265
2.59661667243973
2.59661787557558
2.596463272346
2.59625630651459
2.59448065931715
2.59466798439733
2.59456443096716
2.59447997474266
2.59456520527483
2.59448980759721
2.59469278005774
2.59444947832301
2.59450499169116
2.59461365967697
2.59436525042713
2.59467724905738
2.59239703408909
2.59217241009316
2.59239697179099
2.5922110887166
2.59239411663303
2.5923829401446
2.59256156930675
2.59223277475088
2.59252969007744
2.59244267470431
2.59246521435831
2.58921080120862
2.58651042565414
2.58664013768987
2.58667608998814
2.58674057470531
2.58665875548568
2.58662108565837
2.58669691647169
2.58639672820714
2.58650815183788
2.58667337772887
2.58660296666634
2.5866093875881
2.586355497212
2.58554763084426
2.58584342055053
2.5855540398169
2.58558438474385
2.58575005723509
2.58579049311857
2.5856439932344
2.58543575024171
2.58557921095518
2.58576409887643
2.58560636153117
2.5845766221154
2.58472026666246
2.58480680338608
2.58465319905748
2.58489320328605
2.58486583271183
2.5846746108574
2.58498468863568
2.58452567045954
2.58428535908226
2.58353108613766
2.5833728058624
2.5834175206431
2.58349466093057
2.58355497663062
2.58356098252335
2.58345950775793
2.58338566314259
2.58351968144397
2.58348316842345
2.58346533575721
2.58355872117839
2.57752334478042
2.57549457891457
2.57517874564076
2.57548346444522
2.5754126520692
