Force
1.80513117484347
1.80814317511654
2.62435374198146
2.88276093645263
2.88455734902564
2.88655034466199
2.89909829971111
2.90088449171804
2.89374161479485
2.89197042378056
2.89054014067296
2.88882015594613
3.38457990051146
3.38544225388743
3.38582607553527
3.38640165194957
3.39043326801787
3.39138934988618
3.38787657754819
3.38728400009187
3.38855732672518
3.3888888934341
3.38966090869243
3.50816070948798
3.72407007312041
3.7244731268671
3.72461433973712
3.72454284636153
3.72424779668429
3.72475945934282
3.72397744561102
3.73067336967079
3.72482838190273
3.72506549071243
3.72450813432282
3.72390203333525
3.79841198013435
3.8317101606659
3.84244120932257
3.85809545055679
3.85807917770255
3.85875609764764
3.8589718439018
3.85926773697929
3.8592409453907
3.85996005178155
3.87561216105548
3.85956420979353
3.85998605156228
3.87524319378434
3.87560598052623
3.85966977251892
3.90050820129285
3.90782398859254
3.90784241939076
3.90782876282359
3.90807585240533
3.90814933691994
3.9079691919105
3.90755369572865
3.90765099504623
3.91105361996844
3.90789600159775
3.90795133456438
3.90782076949054
3.90581930385715
3.90557042750032
3.9143542822232
3.91430365349915
3.91429762503649
3.9144885212999
3.91802531784486
3.91792234176178
3.91789293197358
3.91771691264866
3.92195886871262
3.92255691838852
3.89624813237228
3.89586149874525
3.8953491669949
3.89466591365738
3.89395879958967
3.89417153656033
3.89437414164455
3.89317478389697
3.89333805181153
3.89368921029748
3.89247327455154
3.8929161228278
3.89358096014651
3.89835068873715
3.8983282024984
3.90826420135979
3.90852669248276
3.90852603185795
3.9086896680262
3.90852239589724
3.90850569301004
3.90864083729799
3.90856212519629
3.82224026949572
3.82171648382781
3.82152706506825
3.82035302168075
3.8202168716508
3.82039822775747
3.81995835715095
3.82030407877005
3.82067195433455
3.8210063025257
3.8200154774961
3.80223590457296
3.7889527017965
3.77259804825136
3.75120176629315
0
3.72133701847859
3.71345065391074
3.71322792788889
3.71313874316221
3.71369244988632
3.71357298388277
3.71347030968103
3.71324997561065
3.71316247881285
3.71311556309042
3.71355330445114
3.71601958260837
3.71852547020106
3.71857297011652
3.7185754422417
3.71857642418215
3.71879767250976
3.71864021260343
3.71863150401398
3.71888825159745
0
3.71862806022737
3.71991325007524
3.71993105250053
3.71990469716644
3.72084030594373
3.72170893776695
3.72182050585309
3.7217444090303
3.72166313615809
3.72163432420812
3.72186744305981
3.72279594177495
3.7236526419002
3.72331083543813
3.72293114367756
3.7222517665435
3.72240428874557
3.72251216142653
3.72414446754389
3.72465311831267
3.72430014274966
0
3.72467728942583
3.72476171597646
3.72482237566248
3.72472018732824
3.72476469756359
3.7245197209792
3.7240899704531
3.71750396832417
3.71770654632601
3.69349515334663
3.69348139625267
3.69109267790316
3.69225291223941
3.69213735470643
3.69252850829288
3.69220628402321
3.69205323902076
3.69956966307589
3.71716747534746
3.71772937579956
3.71738039709193
3.71804453925859
3.7180279540753
3.7185410958572
3.71833196123459
3.71833709177
3.71817996831287
3.71838096182969
3.71831854540144
3.7183887496295
3.71838512891665
3.71833935585463
3.71843260557057
3.71868383788011
3.71879703125658
3.71896778206098
3.71881493894658
3.71862496680931
3.71879124077804
3.6774483656281
3.67718636531662
3.67661857053409
3.6761026816843
3.67539500315519
3.66425358245299
3.65830776312818
3.66854410008624
3.65853397834094
3.65858759604627
3.65875236723023
3.65868172620149
3.65868725873713
3.65857668531971
3.65866460215974
3.6586391213459
3.65903656433085
3.65901419275075
3.66317485988067
3.66299961781254
3.66315334099187
3.66302940709576
3.662876787007
3.66302745620572
3.66296134835275
3.66297240671884
3.6629770860486
