Force
2.07537618518945
3.73200378297394
4.22060591038501
4.59343499413322
4.59410480387
4.59480320341602
4.59617001878695
4.60307524642247
4.60579746379127
4.59754648865732
4.59875920303157
4.59988087484303
4.60116884335774
4.60448460301718
4.72044777015012
4.89346740731482
4.93009924189161
4.9309892693257
4.93159383498861
4.93208692457538
4.93189392666072
4.93132459988964
4.93310126471685
4.93270956779232
4.93320532815858
4.93292767017716
4.93247095790121
4.93731747012839
5.05816768614888
5.05829690318745
5.05872228014799
5.05867206202378
5.05877757112715
5.05911534074643
5.05966141174019
5.05929243796078
5.05962295323447
5.05940693375301
5.0724041748694
5.05100054108779
5.05897774306594
5.08890024505863
5.08897330608775
5.09691984896148
5.09854394558081
5.09515397445208
5.08953141523173
5.08545450716336
5.08875072745419
5.08587205983378
5.07358669066779
5.07397337019652
5.07971443723804
5.07939436102174
5.07895211970503
5.07846961289955
5.0778842339889
5.09496254599436
5.09280052059848
5.09489158681005
5.0949354219586
5.07756294783481
5.07790234299925
5.07756275557088
5.07756612722628
5.07774609052313
5.07779671865003
5.07825046224976
5.07795402926475
5.07780362524138
5.07814568042716
5.07795398971191
5.06523456170843
5.06321658669208
5.06546146512234
5.06177682934642
5.0581607729289
5.06009260325782
5.06012338794498
5.06012058580126
5.05992671384021
5.0597857700175
5.05983772257428
5.05877170499959
5.0591732854293
5.05890119776256
5.05880794722051
5.0591952252355
5.05873303221297
5.05876392483296
5.05907716669819
5.05775993912665
5.05624352134221
5.06528471756608
5.06518721796938
5.06507977211956
5.0651131894278
5.06504922813148
5.06513589744326
5.06491760302299
5.0649322453544
5.06487528319091
5.06483111999839
5.06485253271073
5.0645516592505
5.07418052880941
5.07411155658592
5.07423793852272
5.07435923548698
5.07437986829993
5.07425084884616
5.074409921614
5.07426848926747
5.07421220033906
5.07440522377171
5.07506734536437
5.07437867729048
5.07426200509727
5.07486179686129
5.07262453454062
5.07963089960263
5.07397539111885
5.07423946456429
5.07425335270399
5.07436078296029
5.07416585466048
5.07492924570266
5.07506339888531
5.07478351371884
5.07508050256144
5.07485214833206
5.07653749407224
5.08027380838777
5.08001510688374
5.08001008016926
5.07996324697852
5.08018176933407
5.08020937869926
5.07996908877951
5.0802389375015
5.0801897853717
5.08027397300353
5.08018019542902
5.08025287345529
5.08034538761764
5.08047074769236
5.08145055996194
5.08173376337425
5.08171464025084
5.08156115836683
5.0813149586303
5.08150304644796
5.08229997722956
5.08253266242124
5.08306019106374
5.08301235408825
5.08327861644357
5.08326120355338
5.08322889417483
5.08424466917996
5.0843507808999
5.0844682992255
5.08497671986518
5.08477299499205
5.08480765022046
5.0843742801478
5.08444872732076
5.08477017939304
5.08096598821856
5.08080864793463
5.08079309614667
5.08078442450628
5.08081642298893
5.08061001683561
5.08071526123591
5.08355377662076
5.08693625091521
5.08676115389086
5.08681416952472
5.08691433756432
5.08707398437381
5.08682469443275
5.086854209059
5.08678984672109
5.08651253192943
5.08652296957113
5.08667818535616
5.10079123630118
5.10076484292312
5.10063902497283
5.10160148975036
5.10062796300991
5.12855980764133
5.128717715266
5.1256703672072
5.12579357983199
5.12593623231869
5.12493842960753
5.12509601412868
5.12537066927698
5.12571102004694
5.12589953729362
5.12599356319439
5.12592313873134
5.1259436897146
5.12451371415475
5.12607011262538
5.09652756718456
5.09086300885939
5.09039127979132
5.08607591899372
0
5.08676211409249
5.08787371602086
