Force
-1.226313350259
-0.775507556919789
-0.191075728576221
0.175474906213791
0.178251934536629
0.18135797981816
0.18542484044384
0.189782615411124
0.208568990137856
0.211794431329279
0.194178591111439
0.198545872451462
0.202395333414153
0.205819684323244
1.20233108681852
1.20304658550041
1.20348128644371
1.20395496691205
1.20530161571181
1.20538986642278
1.20445441789696
1.20387696038999
1.20479663738089
1.20475325874753
1.20516748214321
1.39074824089138
1.70869245360313
1.70915219742486
1.70920125348854
1.70969227028384
1.71089842551315
1.71280872497292
1.71185778164603
1.71590107283959
1.76075523282691
1.71390496274817
1.71669173089136
1.71509374382231
1.85115674164211
1.93085052112353
1.9310862995536
1.93143115317943
1.9323380883268
1.93196519773076
1.93201978546181
1.93209831988768
1.93207255807067
1.93167622170806
1.93165617759383
1.93206621017335
1.94680744085366
1.94739417239616
1.98215495230374
1.98218624263676
1.98226302169987
1.98280715843811
1.98287188602471
1.98287011824722
1.98288374458115
1.98882491736023
1.98289133796211
1.98312597368099
1.98272529487762
1.98329491391274
2.01198371560283
2.03483631214908
2.03469334877265
2.03481588725263
2.03546864192474
2.03523428118662
2.0352729973669
2.03506704676061
2.03496506818994
2.03496462277475
2.03525430773233
2.03537803620741
2.0415232745221
2.04173040770719
2.01311067422419
2.01287195797913
2.0128996365723
2.01341250829834
2.01335419128435
2.01339318333478
2.01313647735896
2.0130944227856
2.01323578630036
2.01297495648727
2.01330133184723
2.01551430841021
2.01528787699775
2.01042498072135
2.01096313989511
2.01082383975757
2.0108992595924
2.0110109585565
2.01094413463901
2.01083037946094
2.01094430409062
2.01099168342947
2.01084480686095
2.01069517683574
2.01092295499449
1.98356658864098
1.98288212377877
1.98285729967703
1.98284607119568
1.98271075120165
1.98275147794799
1.98263298258264
1.98283189890724
1.98276300408879
1.98282749724852
1.98287163026245
1.98292680428532
1.98314474459833
1.98272830452365
1.98292260946087
1.98268895002086
1.98262149006763
1.98271216991225
1.98281691659065
1.98288187631355
1.98274182700987
1.98274329826989
1.98270150485881
1.98277917510048
1.98278632620056
1.9821136376908
1.9819535002171
1.98107572412946
1.98101779783574
1.98103257131054
1.98117709245028
1.98095768356764
1.98101311964521
1.98074323534407
1.98106255038721
1.98102341727122
1.9809216008804
1.98093080195854
1.97381537033108
1.97379370599324
1.97383000150576
1.97372801144302
1.97382942533152
1.97381765839949
1.97385032881239
1.9736547704782
1.97353569073724
1.97374349819127
1.97367262190449
1.97371466800017
1.97371792972445
1.96821161521486
1.96833496380386
1.96774028446619
1.96776173954517
1.96780893117298
1.96772739939889
1.96781143369895
1.96763634781282
1.96775539490842
1.96763497816396
1.96773651511017
1.96764165498247
1.96783009213409
1.9675487911105
1.96592739885126
1.96545329360345
1.965602046144
1.9657742027207
1.96586694747112
1.96585503301348
1.96587128141912
1.9657199939026
1.96600211448689
1.96608483185484
1.96597072691266
1.96509138796735
1.9650754160545
1.96508781569661
1.96508582621558
1.96515577482663
1.96513128305864
1.96510706791896
1.96514022362198
1.96501593420198
1.96530066460239
1.96525580947868
1.96507304951191
1.95370672762363
1.94313460601812
1.94333477205914
1.94330853800726
1.94328766031522
1.94293798404076
1.94312460446795
1.94302378081574
1.94316048236976
1.94326490699471
1.94298451003377
1.94296941241619
1.94147177699847
1.93750528330173
1.93763560732613
1.93771918252185
1.93750225309426
1.93771192092968
1.93771938693716
1.93766469411488
1.93768170752301
1.93747144848629
1.93639359343322
1.93778059664327
1.93649680566484
1.9367720821511
1.93523017807126
1.93543408283348
1.93508203794807
1.93451936888492
1.93431086740794
1.93440234706593
1.93475918307475
1.93450511372959
1.93333497653409
1.93435462284259
1.93422431308379
1.93489369468484
1.93247699677016
1.93217974165125
1.93049737821836
1.93051932937835
1.93044829239464
1.93037095865318
1.93037577849717
1.93026924577378
1.93029981067375
1.9304227978713
1.9303393030709
1.93038201829522
1.93022525842212
1.93020370070935
