Force
2.46884451411826
2.47380501900376
2.47846123407176
2.48313927006384
2.48813485773896
2.51351187110689
2.68141074552195
2.49301382139499
2.49749813419611
2.50226977789504
2.50797940689589
2.518436327696
3.28563382289249
4.18408077890399
4.18598847616241
4.18845553973482
4.20096609091618
4.20220649486527
4.19705905689838
4.19496487480079
4.19289328688566
4.19074484812008
4.19867032170271
4.19988019088728
4.39711274965248
4.86593610755741
4.86621899902999
4.8668367712768
4.87089622005562
4.87157213801594
4.86952482883014
4.8688388096084
4.86794068382222
4.86736174588127
4.86999656007495
4.87055843854877
4.96402525744069
5.18972979235801
5.19010402026795
5.19055096863722
5.19278074987994
5.19289069139465
5.19219732239633
5.19172657298372
5.19129956910705
5.19093722193585
5.19254327198793
5.1925037607315
5.23177654076804
5.20654251861767
5.20675298306926
5.20725649400213
5.20761720750677
5.20849534941093
5.21570093453824
5.20859479888638
5.20809155061832
5.20796965139982
5.20843875434663
5.20849738182494
5.20854606733801
5.23989810724148
5.28901113193006
5.28888715603963
5.28902562668239
5.28901942147238
5.28964723738581
5.28965076478566
5.2893561080429
5.28926025263673
5.28965126716843
5.28918433114543
5.28936238900403
5.30262983428064
5.30276526221166
5.3024904703106
5.30253082692487
5.3253847199917
5.32543223375065
5.32547054108165
5.32555342918759
5.32564184023284
5.32552846893848
5.32578434385535
5.32697790554861
5.32579308966806
5.32577250407146
5.3257309200221
5.32573320843075
5.33373503194356
5.33601036898721
5.33708683416284
5.33950699880097
5.3394668547572
5.34335204879516
5.34348657298807
5.34337326282186
5.34361035126881
5.34339215849691
5.34357643170321
5.34347679330368
5.34416175198324
5.34360400144961
5.34344168730647
5.34359831439467
5.34405688156725
5.3464427418366
5.34645959462118
5.35034178294142
5.3503081849529
5.35038626432747
5.350300116779
5.35035493928125
5.3505121213822
5.35028775756666
5.35051789484157
5.35124983850881
5.35046545904406
5.35048808456319
5.35037165421557
5.351268088916
5.32729993140208
5.3265412253914
5.32577951500187
5.32167533550219
5.32032211287668
5.32403970889655
5.32442488717411
5.32496209618812
5.32541626487951
5.32311157905961
5.32245163527011
5.29775976173624
5.3033499861114
5.3035066949567
5.30379260167231
5.30380421574227
5.30439326820226
5.30439004699455
5.30428132800521
5.30424874576719
5.30444183324083
5.30446415622936
5.30463264163136
5.31951605367308
5.31935973220867
5.31945016510515
5.3195377674609
5.31956240096756
5.31958082632807
5.31955727541989
5.31941028209906
5.31956070814664
5.31938887633582
5.32003950634472
5.31935920181551
5.32084125009239
5.32087976832822
5.32083590404086
5.32102135148958
5.31974512003905
5.31991513841374
5.31994074795305
5.31952479597985
5.31952343835356
5.31949525413346
5.31975683867083
5.31953391134665
5.3196815121007
5.31967566473576
5.31962006296101
5.31957545747571
5.31379518826967
5.31374397925721
5.31363466822262
5.31379106060332
5.31360850767216
5.31357927332327
5.31365727895019
5.31366733923613
5.31365366061936
5.31391681261257
5.31397696447571
5.3142819954089
5.31426489569748
5.31430751714448
5.31438718683863
5.31438391420579
5.31430072832402
5.31435509463173
5.31417845028003
5.31430437382143
5.31418503782607
5.3144146863333
5.30801224039008
5.28820732678296
5.28827687506054
5.28830960950477
5.28830075139808
5.2880970361592
5.28824024410059
5.28843829841838
5.28529256653169
5.28827665855037
5.28844053309383
5.28535180311026
5.28527865328806
5.28815759909514
5.27948985296227
5.27974273139201
5.27981890976469
5.27981242625091
5.27964328902309
5.27990622232886
5.27985999635393
5.27966501099747
5.27977026657024
5.28000654782586
5.27987554251802
5.27981247528223
5.2799829407101
5.28024027591134
5.28034520663324
5.28036775928699
5.28035585477253
5.28032509456306
5.28056648105411
5.28029499933032
5.28026101903488
5.28029907704056
5.28028680256244
5.28038759483796
5.2804409379563
5.2806585911963
5.28057590463869
5.28056149753672
5.28055001034815
5.28039605772329
