Force
1.56955420544299
2.74967203933266
2.75094900140513
2.75207648542485
2.75325543377599
2.75689127419991
2.75427564038595
2.76123950270475
2.86506745474307
2.75898289269513
2.76278111769928
2.76200702617565
2.76042597742495
3.24876128964386
3.61900485277816
3.61996315653171
3.62067980442006
3.62106764542754
3.62172083826873
3.62293950896948
3.62338736162455
3.62419813407344
3.62624094316591
3.78024506114698
3.88600170489627
3.90791196577491
3.90825534072073
3.90834348487357
3.90932454308316
3.91982883251947
3.90894238516139
3.90848713265457
3.909710458984
3.91787751655743
3.9195079715511
3.9186229265586
3.95325697435578
4.03934471971683
4.0395126517423
4.03987372522397
4.03943469400283
4.03944171235153
4.04013573279023
4.03910763025667
4.03936187226058
4.03981590942888
4.03966636841014
4.03929272723543
4.0529219782626
4.05271853972234
4.06912922972827
4.06678399269399
4.06612272432518
4.06595530062598
4.06334438888961
4.06276692124348
4.06518836170817
4.06552512368527
4.06583201721269
4.06584723217999
4.06477149486501
4.06415902443854
4.0722679851855
4.06081361069095
4.06071849208611
4.06069956677347
4.06137217145934
4.06145703867845
4.06128129744952
4.06149264435696
4.06106034892407
4.06082510667552
4.06081006662695
4.0607348386301
4.06356798713103
4.06231563996399
4.0635455417429
4.0669967068563
4.06790406018869
4.06624995119174
4.0665313358498
4.06690480714598
4.06668151683345
4.06678553407823
4.06721161898221
4.067129833296
4.08166860983
4.06703770009871
4.06724953558214
4.06705836909046
4.06718142662457
4.10131321559019
4.10130724333062
4.10130327749739
4.10133177296773
4.10116232924499
4.10125352931927
4.10120584250095
4.10108643886954
4.10128138964967
4.10121244394146
4.10098572261497
4.10124309565304
4.11239368830848
4.11245531835411
4.11246853772272
4.11281338495732
4.11311784472653
4.11297649082402
4.11300668170093
4.11302025723939
4.11317668595258
4.11295794909024
4.11317954039741
4.11322410132131
4.11309307124558
4.1129707108086
4.11299246760482
4.11304895900308
4.11325050508016
4.11342983332674
4.09063956840067
4.0910276201633
4.09107000556275
4.09139518974961
4.09142464227925
4.09138313698714
4.09135713907971
4.09144734717936
4.09119636721205
4.09122545786704
4.09114310662541
4.09115159539216
4.09164756074027
4.08768329165281
4.08739112091251
4.08739992878979
4.08739763994406
4.08740686002583
4.0873872909503
4.08735267875589
4.08760085336832
4.08745865123049
4.0877217514708
4.08758436241146
4.08756815443434
4.08765176913851
4.07873927151888
4.07870909262085
4.07874378212015
4.07889485746335
4.07856462642393
4.07886387121262
4.07872635673363
4.0788194831267
4.07901085785968
4.07894702853662
4.07883892955594
4.07415309708194
4.07115909803621
4.07078476983259
4.07108800232014
4.07122543800875
4.07119763868167
4.07101610530231
4.07084121853353
4.0710077433428
4.07099266145962
4.07125592181024
4.0708194716794
4.07074759737152
4.07085073868139
4.0709696941402
4.07104344528341
4.07099459417651
4.07129581380131
4.07112215397789
4.07111817551098
4.07103742386506
4.07101843586866
4.07073561325834
4.07110432951185
4.07110786525936
4.07100308231448
4.07086693477428
4.07090770405989
4.07131518381964
4.07162868550465
4.07217927204651
4.07201922872813
4.07231204821209
4.07226387425005
4.07227889482369
4.07215447305491
4.07215964153334
4.07196873667036
4.07230937098289
4.07230490120941
4.07214029472903
4.07181935426672
4.07198576598514
4.07210306449788
4.07217522270565
4.07222410662959
4.07181030381317
4.0720141867468
4.0718145834755
4.07183575023339
4.07177821737261
4.07176888766843
4.07202178921108
4.07182897895625
4.07186582555946
4.07216612260939
4.07208641839794
4.07191405444355
4.07176468234729
4.07201512816853
4.07227413322264
4.07204827820066
4.07206394774753
4.072270397491
4.07174436930511
4.07168195675423
4.07229641838618
4.0721816210782
4.07220908659365
4.07225020046542
4.07170807764825
4.07200602863263
4.07196151045935
4.07215367956528
