Force
-0.954434751979468
-0.705237594366825
-0.704746851132066
-0.704588197655258
-0.704663079463629
-0.704483544339234
-0.703728378326531
-0.703185963358787
-0.704538957169097
-0.704140394533125
-0.703570901699964
-0.703213823589785
-0.599657844051599
-0.504909873065826
-0.489902445231718
-0.489779546497212
-0.489754098798612
-0.489556322352783
-0.489102493075947
-0.489399428111117
-0.47726645630903
-0.489240006860649
-0.489372513170184
-0.477063728626208
-0.477175056860062
-0.451104970069081
-0.411829890208191
-0.405527228087312
-0.40522762956593
-0.40480613783923
-0.403774849235081
-0.396433694488336
-0.39622366011339
-0.404380116827086
-0.404836043451432
-0.404243421499533
-0.403581590140332
-0.396324239854384
-0.388344779042692
-0.387905276919374
-0.373904325777195
-0.378054659826822
-0.378197039853597
-0.37789730005593
-0.378135118069906
-0.378099717301107
-0.375682546735295
-0.372663780093048
-0.376032909579925
-0.375793075700473
-0.376714238277688
-0.376497362653447
-0.376387142988155
-0.367653621123489
-0.365154253601475
-0.365204084249011
-0.365375125341511
-0.365561800990692
-0.36571097093949
-0.365579389083593
-0.365445543394915
-0.36551387737486
-0.365251989307407
-0.365835798138908
-0.367328210916996
-0.367168915690494
-0.371767305905413
-0.377732266974806
-0.377828720142151
-0.37993166007069
-0.381724190040823
-0.381719389166511
-0.38164314194215
-0.381558809676702
-0.381331364929803
-0.381108680000331
-0.381683196124391
-0.381414120211116
-0.381296555510086
-0.381357636901681
-0.381264650286333
-0.381241115246522
-0.383814224641947
-0.38591195848253
-0.385831937422246
-0.385888673250799
-0.385800262212554
-0.385785286122635
-0.385873382869273
-0.385793845749616
-0.385897349226004
-0.385851556131102
-0.385891240980505
-0.386514797420948
-0.385867750638904
-0.38785054376743
-0.387349439546241
-0.387910293431558
-0.391588023325056
-0.39150519697892
-0.395191868208863
-0.397455769103326
-0.397366511562142
-0.397413672115637
-0.398243437635067
-0.398361608475518
-0.398127903030507
-0.398028452570393
-0.398120777410857
-0.398067676786634
-0.398035578012334
-0.398409961061576
-0.398286380968837
-0.399454741533213
-0.403210765087742
-0.40377833016864
-0.403631162205651
-0.403990378058933
-0.404026995658495
-0.404100994008983
-0.40424690785039
-0.404326623680993
-0.404063182485336
-0.404153263908041
-0.403984283132353
-0.40431815234779
-0.404256359885116
-0.404274305011951
-0.406326343524339
-0.405942372248167
-0.409722233467233
-0.409775577266403
-0.409753804299437
-0.409938345786513
-0.409905801347629
-0.409838140571642
-0.40984716764217
-0.409891924134423
-0.409882427914871
-0.410006762309051
-0.410042535202599
-0.410573095350576
-0.412453765023682
-0.412306610114773
-0.412338088095367
-0.411964461304628
-0.412322327601329
-0.412236474332764
-0.412372588400185
-0.412067870345295
-0.412451650417788
-0.412336697175635
-0.412048958893827
-0.413744503095137
-0.413864345663021
-0.413619452491037
-0.413719498997008
-0.41361656467897
-0.413548683079162
-0.413660014183883
-0.413430628283414
-0.413967163162322
-0.413635726876967
-0.413907600043257
-0.41370255519745
-0.41348289064232
-0.413776938635689
-0.413462188524389
-0.417993441425663
-0.418230113634689
-0.418297393520318
-0.418335617846936
-0.418269525398614
-0.418210292746589
-0.418066871891179
-0.418210877962971
-0.418348176846077
-0.418123742868026
-0.418359066784003
-0.418248220262547
-0.418043811649262
-0.418156547693918
-0.418712647050239
-0.417777821004825
-0.417715457443233
-0.41787171340056
-0.417959095381052
-0.417671016596316
-0.417711682882786
-0.417857774653194
-0.417858491724439
-0.41765032074628
-0.417732918725113
-0.417772694986464
-0.417735762702524
-0.416916256685516
-0.416886195113962
-0.416763752885995
-0.416961676105785
-0.416961606801788
-0.416988697844941
-0.417093781519982
-0.416866831955234
-0.416751578971351
-0.417012034955007
-0.416780893715612
-0.416830505841553
-0.417120447366391
-0.419104686916079
-0.418971536550542
-0.418995686384894
-0.41898189318589
-0.419049707209094
-0.419295344695074
-0.419184760242514
-0.418970352050173
-0.419047453886423
-0.419290655468655
-0.419068060618319
-0.419298515144992
-0.42023017479948
-0.422933176380954
-0.422718157939452
-0.422659585519615
-0.422811284675488
-0.422646487958849
-0.422752874867722
-0.422716514170135
-0.423669641702008
-0.422725459097945
-0.422880467566803
-0.422633270809938
-0.422640486259994
-0.426557800095229
-0.428160769872018
-0.428218686681189
-0.42827330725592
-0.42822979786806
-0.428270528626266
-0.428244070959869
-0.428089853892251
