Force
0.5982713103642
0.604143670472455
0.592700002625764
2.06236118952538
2.06445911030179
2.06703387600378
2.08118590402801
2.08254305309766
2.07593749231394
2.0743322957652
2.07199386318673
2.06933873393099
2.07781630434243
2.07940102695739
2.35018843012863
2.9040594605777
2.90498720402862
2.90614907434062
2.91124068178486
2.91267669612914
2.90891481320349
2.90813170955631
2.90767209636545
2.90718567371393
2.90993412077129
2.91053110707725
3.03436449680468
3.27423458825805
3.27486291202671
3.27538075706803
3.27891506362092
3.27952618684212
3.27748420959208
3.2769815324486
3.27642244853659
3.2758079969391
3.27795702416022
3.27853644316869
3.32080034930754
3.40758532185633
3.40757527997679
3.40846820837029
3.40802606216215
3.40831568720505
3.40837688919008
3.40823064896707
3.4075174474178
3.41660826448303
3.40795907413476
3.40749046977887
3.40748822312851
3.43361853203215
3.43640178503094
3.44617779728522
3.4457864643189
3.44545193427082
3.4452402095575
3.44522824004983
3.44572525426379
3.44600846784431
3.44519577731885
3.44525698539038
3.44538778146525
3.4454770799156
3.44211170935376
3.43934905277514
3.43951703950043
3.43936318557255
3.43940106363285
3.4393099957655
3.43940297876552
3.43951075018398
3.43977727584988
3.43960688605418
3.43828333279503
3.43808693837788
3.43956291522494
3.43955831783362
3.4144481948497
3.41446359659795
3.41436220597899
3.40495440589654
3.405682907987
3.40537613224519
3.4054151402575
3.40543354706638
3.40575597434229
3.40598061841049
3.40588032786894
3.40575430244604
3.40574850128107
3.40579744795848
3.40574269486505
3.40567659563398
3.40187715242994
3.39526019704288
3.38701537628426
3.3869358865996
3.38685783241162
3.38701722680938
3.38693401526307
3.38686410426387
3.38684588832033
3.38624377655887
3.38690196322984
3.38700002514334
3.38690337607857
3.38694572866746
3.38289640149349
3.37537364453461
3.37531463306823
3.37498574025238
3.37472773329215
3.37468781972385
3.374475018852
3.37464829905499
3.37455005971838
3.37449343699463
3.37466433772013
3.37461149569573
3.37328141225672
3.36240901877441
3.36122644717673
3.36118457550743
3.36148394143799
3.3615148525132
3.36129407202884
3.36143303374366
3.36119039413583
3.36103377311792
3.36149832859066
3.36117900116163
3.36121609216528
3.36130903459797
3.36122280904127
3.36028187273825
3.35847346885961
3.35873179899429
3.3584409291019
3.35874910404379
3.35857215182272
3.35864896114068
3.35855948533613
3.35876290908652
3.35874409943044
3.35859304907807
3.35845133329521
3.35836846728074
3.35815958654742
3.35709798221051
3.35699378030475
3.35693790965807
3.35702852810076
3.35700635067335
3.35720625151096
3.35715347132865
3.35712093942487
3.35701532336155
3.35720913443058
3.35697168176202
3.35699587444964
3.35151708226245
3.34623239762411
3.34619855439971
3.34619225793262
3.34616806545735
3.34604249077897
3.34605251117079
3.34602705173524
3.34592710075176
3.34617184721536
3.34604697408822
3.34589856130573
3.34561270189753
3.34529872158871
3.34531101092447
3.34516649686542
3.34535353606185
3.34535018785401
3.34516043992888
3.34530547862649
3.34514337177036
3.34528516494599
3.34533533658557
3.34493405588008
3.34509035246819
3.3452330825103
3.34523282085275
3.34511346406553
3.34469662203928
3.34458951089556
3.344322969409
3.3441237834863
3.34427587403247
3.34335589912887
3.3433269442115
3.34310574048913
3.34322399850055
3.34332332409123
3.34340935608106
3.34314954891165
3.34305480282464
3.34330502581393
3.3435319835148
3.34343482851536
3.34357192237286
3.34356780642156
3.34150029608254
3.34141756615205
3.34132107845583
3.34144204407088
3.34108886222834
3.34111717549689
3.34145882415751
3.3412638204743
3.34133626777422
3.34153291755658
3.34127386420066
3.34114607994157
3.34139560328189
3.34046716919012
3.33972730255683
3.33886793934785
3.33894581285042
3.33896798806842
3.33900972660039
3.33911730048757
3.3387768891346
3.33879845238825
3.33874966808656
3.33884544961132
3.33876176651652
3.33883650914191
3.33875870881095
3.33837223206713
3.33800641211757
3.33829321295757
3.3383706174687
3.33833455834509
3.33818926563413
3.33782667105436
3.3380131100195
