Time,Pulse
-340.00000000634,0.0006297835809288
-339.966666673006,0.00223120129337384
-339.933333339671,0.000863294320707753
-339.900000006336,-0.000409736327542487
-339.866666673001,0.00206886169926246
-339.833333339667,0.000979399673687875
-339.800000006332,-0.00283126972513936
-339.766666672997,0.0020141359714132
-339.733333339662,-0.000148504681675821
-339.700000006327,-0.00100707287014723
-339.666666672993,0.000785530084806418
-339.633333339658,-0.00129014701093366
-339.600000006323,-0.00066785574837136
-339.566666672988,-0.000439105485265379
-339.533333339654,0.000717614934764188
-339.500000006319,0.000628601850475863
-339.466666672984,0.00049161715773105
-339.433333339649,-0.0016984029109347
-339.400000006314,-0.00037387428548552
-339.36666667298,0.000127960430967744
-339.333333339645,-0.00197828210554396
-339.30000000631,-0.00280342219383245
-339.266666672975,-6.51135749641929e-05
-339.233333339641,0.00133219918151128
-339.200000006306,-0.000503792912393441
-339.166666672971,0.00160218797268519
-339.133333339636,0.00196166697434186
-339.100000006301,-0.00231571460328595
-339.066666672967,9.82393088626576e-05
-339.033333339632,0.000368583401078371
-339.000000006297,-0.000589589290149961
-338.966666672962,0.000869025407404744
-338.933333339627,-0.00171659661281831
-338.900000006293,-0.000702414165819509
-338.866666672958,-0.00134931800305071
-338.833333339623,-0.000996994791522265
-338.800000006288,0.00151141016564615
-338.766666672954,0.000306002669452021
-338.733333339619,0.00141573901645642
-338.700000006284,-0.000240089024962864
-338.666666672949,-0.00158977531048776
-338.633333339614,-0.000297956052742188
-338.60000000628,-0.00216293866477624
-338.566666672945,0.000546097117158362
-338.53333333961,0.00112744900230521
-338.500000006275,0.0025730728534038
-338.466666672941,-0.00235016424335532
-338.433333339606,-0.0013963933037765
-338.400000006271,-0.000410620052200827
-338.366666672936,-0.000734900814380768
-338.333333339601,-0.000167814864621363
-338.300000006267,0.00104251147239098
-338.266666672932,-0.00189626412830302
-338.233333339597,-0.000818749227684767
-338.200000006262,0.000554846804022069
-338.166666672927,-0.000987977352115088
-338.133333339593,-0.00287490165920579
-338.100000006258,-0.000995025287930718
-338.066666672923,-0.000551107061838696
-338.033333339588,0.00102686338599622
-338.000000006254,0.000184754665624176
-337.966666672919,0.000288761436711527
-337.933333339584,0.00075807954945295
-337.900000006249,-0.00381155162350788
-337.866666672914,0.0020762573186881
-337.83333333958,-0.00108696526997798
-337.800000006245,-0.00218072303009009
-337.76666667291,-0.00283784189674052
-337.733333339575,-0.000385783313470389
-337.700000006241,0.000131602742003079
-337.666666672906,0.00119480507037861
-337.633333339571,0.000341033330055751
-337.600000006236,-0.000500565220045157
-337.566666672901,-0.00150530238448632
-337.533333339567,-0.00160833314934128
-337.500000006232,0.00129426634783103
-337.466666672897,0.00146376303339946
-337.433333339562,-0.002717234283937
-337.400000006228,-0.00126153646847704
-337.366666672893,-0.00065423898783501
-337.333333339558,0.00141216675513589
-337.300000006223,-0.00171422600884141
-337.266666672888,-0.00121414820152033
-337.233333339554,-0.00300407847165729
-337.200000006219,-0.00396117046782085
-337.166666672884,-0.000796674679832909
-337.133333339549,-0.00104035018241622
-337.100000006214,-0.000417117779848764
-337.06666667288,0.00144326324738664
-337.033333339545,0.00123699146904854
-337.00000000621,-0.00133842009131735
-336.966666672875,-0.00338252867017774
-336.933333339541,0.000335733042600594
-336.900000006206,-0.000780538285829691
-336.866666672871,-0.000974665126319052
-336.833333339536,-0.000660784193102337
-336.800000006201,0.000948588697482489
-336.766666672867,0.000629867094930736
-336.733333339532,0.00151042753040864
-336.700000006197,-0.000174995536570077
-336.666666672862,-0.00032951310386875
-336.633333339528,0.00183114050919808
-336.600000006193,-0.00016188311257237
-336.566666672858,-0.000258060888077227
-336.533333339523,0.000375485304130674
-336.500000006188,0.000640201763265069
-336.466666672854,-0.00111434902433805
-336.433333339519,-0.00112424519319643
-336.400000006184,-0.00336205914958543
-336.366666672849,-0.000782850204645191
-336.333333339515,-0.00193038319911776
-336.30000000618,0.000623128629563707
-336.266666672845,-0.00118914676739712
-336.23333333951,0.000395270033096806
-336.200000006175,0.00126759726511028
-336.166666672841,-8.77240045549232e-05
-336.133333339506,-0.00250164128701746
-336.100000006171,-1.69750648227884e-05
-336.066666672836,-9.11237486957983e-05
-336.033333339501,0.00055386070090746
-336.000000006167,-0.000598005416082237
-335.966666672832,-8.22739317092314e-05
-335.933333339497,5.96990355550275e-06
-335.900000006162,-0.000445711289891904
-335.866666672828,0.00207278696618807
-335.833333339493,0.00215073938139043
-335.800000006158,0.00178420909826704
-335.766666672823,-0.00145013176989328
-335.733333339488,0.000984560387662814
-335.700000006154,-0.000560251765909903
-335.666666672819,-0.000384489193548943
-335.633333339484,-0.00017107906594227
-335.600000006149,0.000302028235041663
-335.566666672815,0.00239161540420074
-335.53333333948,5.5402667503035e-05
-335.500000006145,0.00134600273854557
-335.46666667281,0.00391317019579129
-335.433333339475,0.000751863476294523
-335.400000006141,-0.00258759420174393
-335.366666672806,-0.000841965377575637
-335.333333339471,-0.000902192191628237
-335.300000006136,-0.0014924586966556
-335.266666672801,-0.00193308485730259
-335.233333339467,0.000242194436293475
-335.200000006132,-0.00423527731501516
-335.166666672797,-0.000770313063140904
-335.133333339462,-0.0010992751005322
-335.100000006128,-0.00345860588428315
-335.066666672793,-0.000340844899808013
-335.033333339458,0.00148411606070675
-335.000000006123,-0.00350039793878798
-334.966666672788,-0.00143213176820456
-334.933333339454,-0.00174307350570269
-334.900000006119,-0.0028035191374709
-334.866666672784,-0.0030428306239878
-334.833333339449,-0.00466453983554016
-334.800000006115,-0.0033620029980288
-334.76666667278,0.000282248051158174
-334.733333339445,0.001100680179703
-334.70000000611,0.00143834878153026
-334.666666672775,-9.14987611166929e-06
-334.633333339441,-0.00164028693617879
-334.600000006106,-0.00368437375943886
-334.566666672771,-0.00167738658808136
-334.533333339436,-0.00236453622120758
-334.500000006102,-0.000215329890826288
-334.466666672767,-0.00364590678782628
-334.433333339432,-0.00245920266770194
-334.400000006097,-0.00445212162213826
-334.366666672762,-0.00477322377076661
-334.333333339428,-0.00049985553672327
-334.300000006093,-0.00217188862279227
-334.266666672758,-0.000810573623376221
-334.233333339423,-0.000974442220024963
-334.200000006088,-0.00112963700257296
-334.166666672754,-0.000413016357124207
-334.133333339419,-0.00217761495283919
-334.100000006084,-0.00425354746349627
-334.066666672749,-0.00594585411847615
-334.033333339415,-0.00267220723962425
-334.00000000608,-0.00337190592651648
-333.966666672745,-0.00233183095681466
-333.93333333941,-0.00382850382461686
-333.900000006075,-0.00282534210515351
-333.866666672741,-0.0016581098767362
-333.833333339406,-0.00148473661654125
-333.800000006071,-0.00418657249564125
-333.766666672736,-0.0035679938000942
-333.733333339402,0.000860587993671835
-333.700000006067,0.0016738632357044
-333.666666672732,-0.00138691843349004
-333.633333339397,-0.00173265945354961
-333.600000006062,0.00190414956564133
-333.566666672728,0.000988886396781852
-333.533333339393,-7.19877829832294e-05
-333.500000006058,-0.000868931309089382
-333.466666672723,0.000630879985006105
-333.433333339388,-0.000410976994656087
-333.400000006054,0.0002034124448973
-333.366666672719,-0.00198249214084834
-333.333333339384,0.00168574061321725
-333.300000006049,0.000109933707695187
-333.266666672715,-0.000657560909495425
-333.23333333938,-0.000489863050377681
-333.200000006045,-0.00103642714488195
-333.16666667271,-0.00229535245651735
-333.133333339375,0.000520404784818629
-333.100000006041,0.000806752729384685
-333.066666672706,-0.000604258530914059
-333.033333339371,-0.000822575731716291
-333.000000006036,-0.00238465719301006
-332.966666672702,-0.00264020074268767
-332.933333339367,-0.0014589884064633
-332.900000006032,0.000700678363901752
-332.866666672697,8.92227329549744e-05
-332.833333339362,0.00188648631504584
-332.800000006028,-0.00224642600582592
-332.766666672693,0.00213448074153577
-332.733333339358,5.63999008936777e-05
-332.700000006023,0.00255221061427502
-332.666666672689,4.07237335984245e-05
-332.633333339354,-0.000636371043904904
-332.600000006019,0.000437419217763413
-332.566666672684,-0.00382645584541119
-332.533333339349,0.00257066829051622
-332.500000006015,-0.00189376332611257
-332.46666667268,-0.000139349342690664
-332.433333339345,-0.0016526397986657
-332.40000000601,-0.00256754917282487
-332.366666672675,-1.64063783736346e-05
-332.333333339341,-0.00266719416150862
-332.300000006006,-1.1422218243573e-05
-332.266666672671,-0.00311494688841918
-332.233333339336,0.00124306621459847
-332.200000006002,-0.000289276209029854
-332.166666672667,0.000889300701797935
-332.133333339332,0.00182551252935992
-332.100000005997,-0.000331808433561065
-332.066666672662,-0.00265412261616316
-332.033333339328,-0.000425506527324093
-332.000000005993,3.15753769022376e-05
-331.966666672658,-0.0036228695990751
-331.933333339323,0.00194736285133745
-331.900000005989,0.000624571023929654
-331.866666672654,-0.00265463983070213
-331.833333339319,0.000135993650192012
-331.800000005984,9.31245659487878e-05
-331.766666672649,-0.000642182976619332
-331.733333339315,-0.00248674752464384
-331.70000000598,-0.000173188994484597
-331.666666672645,-5.5493377334459e-06
-331.63333333931,0.000316148696538066
-331.600000005976,0.00122864301743342
-331.566666672641,0.000627728454383081
-331.533333339306,-0.00378532567422407
-331.500000005971,0.00122276626213702
-331.466666672636,-0.000688476669922999
-331.433333339302,-0.00204843385781073
-331.400000005967,0.000338476235859364
-331.366666672632,0.00166342490733828
-331.333333339297,-0.000481604906721222
-331.300000005962,0.00182312768927606
-331.266666672628,-9.43692349612002e-05
-331.233333339293,0.00254001124246328
-331.200000005958,0.000937420917872633
-331.166666672623,0.000874176025566387
-331.133333339289,0.00056136998712919
-331.100000005954,0.000628035454819376
-331.066666672619,0.000541188124147385
-331.033333339284,0.000876561437226142
-331.000000005949,-0.000409741736236868
-330.966666672615,-0.00105327638122343
-330.93333333928,0.000225934110013593
-330.900000005945,0.00325246427631876
-330.86666667261,0.0010832124912169
-330.833333339276,0.00451168691107717
-330.800000005941,-0.000102780892556553
-330.766666672606,0.00229279951668271
-330.733333339271,0.000355129836451695
-330.700000005936,0.00478078648803648
-330.666666672602,0.00165426047367423
-330.633333339267,0.00476308064903985
-330.600000005932,0.00512694544064729
-330.566666672597,0.00327364601343283
-330.533333339262,0.00431435323549345
-330.500000005928,0.00335125230275635
-330.466666672593,0.00392027976350462
-330.433333339258,0.00495846042374748
-330.400000005923,0.00536664164395206
-330.366666672589,0.00696550278077923
-330.333333339254,0.00704781152861733
-330.300000005919,0.00831963709312367
-330.266666672584,0.00702354122168947
-330.233333339249,0.00688881900353144
-330.200000005915,0.00639319455077625
-330.16666667258,0.00631234047731022
-330.133333339245,0.00624820183846453
-330.10000000591,0.00888595626887889
-330.066666672576,0.00935978973189378
-330.033333339241,0.0109569577504837
-330.000000005906,0.010187184621626
-329.966666672571,0.00885337384224627
-329.933333339236,0.0129202166563173
-329.900000005902,0.0158149503289229
-329.866666672567,0.0154608567894101
-329.833333339232,0.0152188593069112
-329.800000005897,0.0111063730303488
-329.766666672563,0.0153755910488779
-329.733333339228,0.0152168384416641
-329.700000005893,0.017459495312698
-329.666666672558,0.0177629501375611
-329.633333339223,0.020002137215208
-329.600000005889,0.0186287885904959
-329.566666672554,0.019879423748042
-329.533333339219,0.0247260349825722
-329.500000005884,0.0222029529190086
-329.466666672549,0.0270083071819573
-329.433333339215,0.0249059464674231
-329.40000000588,0.026742595297469
-329.366666672545,0.031314795791333
-329.33333333921,0.0351540057163169
-329.300000005876,0.0348053863678541
-329.266666672541,0.0353463515430883
-329.233333339206,0.0385085819712037
-329.200000005871,0.0408735087308141
-329.166666672536,0.0436504773995623
-329.133333339202,0.0467944446957123
-329.100000005867,0.0463204534043142
-329.066666672532,0.0501300710529614
-329.033333339197,0.0504745264113804
-329.000000005863,0.0503581060615319
-328.966666672528,0.0537538364676066
-328.933333339193,0.0560912288314335
-328.900000005858,0.0598811283786645
-328.866666672523,0.0596691418371171
-328.833333339189,0.0623502731492448
-328.800000005854,0.0582850309276803
-328.766666672519,0.0603529636833533
-328.733333339184,0.0599397912539161
-328.70000000585,0.0590168024175685
-328.666666672515,0.0559733461130723
-328.63333333918,0.0564203500574598
-328.600000005845,0.0520495458198782
-328.56666667251,0.0507918727773976
-328.533333339176,0.0463074709656047
-328.500000005841,0.0436026563653162
-328.466666672506,0.0387180420021239
-328.433333339171,0.0338603938589797
-328.400000005836,0.0310798031773711
-328.366666672502,0.0262691293898151
-328.333333339167,0.0186399664165063
-328.300000005832,0.0166018815373583
-328.266666672497,0.00958118856567614
-328.233333339163,-0.000148466765678923
-328.200000005828,-0.00484037822900152
-328.166666672493,-0.018077662797073
-328.133333339158,-0.0254680292018312
-328.100000005823,-0.034571601330317
-328.066666672489,-0.0469330137229318
-328.033333339154,-0.0598300983861882
-328.000000005819,-0.0743209171237714
-327.966666672484,-0.0890235097694202
-327.933333339149,-0.103313157713907
-327.900000005815,-0.122364665402145
-327.86666667248,-0.140436806619225
-327.833333339145,-0.158122271675389
-327.80000000581,-0.18196642121717
-327.766666672476,-0.207221489306784
-327.733333339141,-0.234765434760862
-327.700000005806,-0.258702419868406
-327.666666672471,-0.286573691596985
-327.633333339136,-0.313697842864559
-327.600000005802,-0.33648614272335
-327.566666672467,-0.358719892742228
-327.533333339132,-0.38407139388339
-327.500000005797,-0.399236354595927
-327.466666672463,-0.413746829673709
-327.433333339128,-0.421201371717781
-327.400000005793,-0.419911529312316
-327.366666672458,-0.418332890614349
-327.333333339123,-0.404688560558088
-327.300000005789,-0.387030295507811
-327.266666672454,-0.358061431376741
-327.233333339119,-0.327302625358468
-327.200000005784,-0.288949420914262
-327.16666667245,-0.244255658372502
-327.133333339115,-0.197370734541547
-327.10000000578,-0.151492620353763
-327.066666672445,-0.100943337882608
-327.03333333911,-0.0516771917477072
-327.000000005776,-0.00538209861363581
-326.966666672441,0.0367778397231495
-326.933333339106,0.076058997060108
-326.900000005771,0.111209670080378
-326.866666672437,0.145001358613882
-326.833333339102,0.168804100173387
-326.800000005767,0.188841532825649
-326.766666672432,0.202259495536673
-326.733333339097,0.213768016570972
-326.700000005763,0.221681292665127
-326.666666672428,0.226988863661925
-326.633333339093,0.226501566674741
-326.600000005758,0.227769872120466
-326.566666672423,0.223218843794827
-326.533333339089,0.216526906545769
-326.500000005754,0.213584303188386
-326.466666672419,0.204456986768425
-326.433333339084,0.196611824645429
-326.40000000575,0.186254741666968
-326.366666672415,0.178385780863097
-326.33333333908,0.170218092480707
-326.300000005745,0.162601662779734
-326.26666667241,0.15180006784797
-326.233333339076,0.140734610253193
-326.200000005741,0.130807828897008
-326.166666672406,0.125209458771291
-326.133333339071,0.11913956260037
-326.100000005737,0.109217845257915
-326.066666672402,0.0971249502500636
-326.033333339067,0.0911913844411953
-326.000000005732,0.087561859317163
-325.966666672397,0.079073904644317
-325.933333339063,0.0706772062858266
-325.900000005728,0.0660668900663272
-325.866666672393,0.0629479009738495
-325.833333339058,0.0634345101321467
-325.800000005724,0.0580157660752736
-325.766666672389,0.0580067107249145
-325.733333339054,0.0510883876717423
-325.700000005719,0.0494973682854485
-325.666666672384,0.050163833436166
-325.63333333905,0.044691483069163
-325.600000005715,0.0450907935087717
-325.56666667238,0.0434239488948042
-325.533333339045,0.0418919217022088
-325.50000000571,0.0360317619122639
-325.466666672376,0.0317901984669491
-325.433333339041,0.0282352059480802
-325.400000005706,0.0248135378331364
-325.366666672371,0.0195380356432371
-325.333333339037,0.0168187360483657
-325.300000005702,0.0144988732132763
-325.266666672367,0.0114602940545924
-325.233333339032,0.00848513342142632
-325.200000005697,0.00942923931782302
-325.166666672363,0.00692718659401392
-325.133333339028,0.00866079406132736
-325.100000005693,0.0092804331881724
-325.066666672358,0.00911488968763263
-325.033333339023,0.00649924897922183
-325.000000005689,0.0106368744695943
-324.966666672354,0.00701259832944756
-324.933333339019,0.00989033144124551
-324.900000005684,0.0139440926421996
-324.86666667235,0.0131494278368541
-324.833333339015,0.0120380191602509
-324.80000000568,0.0155251746824168
-324.766666672345,0.0149380259756132
-324.73333333901,0.0157601543456886
-324.700000005676,0.0150833198853154
-324.666666672341,0.0115386312860786
-324.633333339006,0.0102773924825694
-324.600000005671,0.00882671207970731
-324.566666672337,0.00759462912930986
-324.533333339002,0.00663173899450697
-324.500000005667,0.00271336875107009
-324.466666672332,0.000872232644150372
-324.433333338997,-0.00153345966093543
-324.400000005663,6.76928315450631e-05
-324.366666672328,-0.0029461481016495
-324.333333338993,-0.00489323718075541
-324.300000005658,-0.00762228015786226
-324.266666672324,-0.0119515707021445
-324.233333338989,-0.0101075773332068
-324.200000005654,-0.0109943794003684
-324.166666672319,-0.0102203809177621
-324.133333338984,-0.00967838613667116
-324.10000000565,-0.0107112328887776
-324.066666672315,-0.0101470603136657
-324.03333333898,-0.00657174164665497
-324.000000005645,-0.00635775600154453
-323.966666672311,-0.00197269906346875
-323.933333338976,-0.0012695012790892
-323.900000005641,0.00192555811112949
-323.866666672306,0.00295275557517882
-323.833333338971,0.00273531649353165
-323.800000005637,0.00369754478550555
-323.766666672302,0.00748845178991475
-323.733333338967,0.00335457069758271
-323.700000005632,0.00497319245058536
-323.666666672297,0.00545110445596553
-323.633333338963,0.00302685762401478
-323.600000005628,0.00296988660719155
-323.566666672293,-0.00153462565283324
-323.533333338958,-0.000775331207090058
-323.500000005624,-0.00310429554746294
-323.466666672289,-0.00684197783136842
-323.433333338954,-0.00306565231442157
-323.400000005619,-0.00485381043207234
-323.366666672284,-0.00742565338958256
-323.33333333895,-0.0085116780804404
-323.300000005615,-0.00932293924869598
-323.26666667228,-0.00761856397057359
-323.233333338945,-0.00670894962439439
-323.200000005611,-0.00867877489206026
-323.166666672276,-0.00754481180599209
-323.133333338941,-0.00904104535601391
-323.100000005606,-0.0064084258728101
-323.066666672271,-0.00868865334044477
-323.033333338937,-0.00739314740226549
-323.000000005602,-0.0093197498697799
-322.966666672267,-0.0093873045582793
-322.933333338932,-0.0111282714170412
-322.900000005597,-0.0151447193736415
-322.866666672263,-0.0133813800070195
-322.833333338928,-0.0133707932889316
-322.800000005593,-0.0118927223734654
-322.766666672258,-0.0154349929479658
-322.733333338924,-0.0151999530570172
-322.700000005589,-0.0134839899772049
-322.666666672254,-0.0142376141139631
-322.633333338919,-0.0175815770657189
-322.600000005584,-0.0137921016914666
-322.56666667225,-0.00978491687835326
-322.533333338915,-0.0112386303890233
-322.50000000558,-0.00716723670583275
-322.466666672245,-0.00897285354677901
-322.433333338911,-0.00405750324219689
-322.400000005576,-0.00581787879711337
-322.366666672241,-0.00588684505454551
-322.333333338906,-0.00637547896854429
-322.300000005571,-0.00160552607238251
-322.266666672237,-0.00318964508683295
-322.233333338902,-0.000504422441936048
-322.200000005567,0.0016802388206596
-322.166666672232,0.00104999794460214
-322.133333338898,0.00289769048106847
-322.100000005563,0.000293833842239244
-322.066666672228,0.00454649210455826
-322.033333338893,0.00255238243819911
-322.000000005558,0.00608599480072203
-321.966666672224,0.00427105703522035
-321.933333338889,0.0058264473275863
-321.900000005554,0.00344643205335804
-321.866666672219,0.0057964334137901
-321.833333338884,0.00118126344559555
-321.80000000555,0.00245026326196762
-321.766666672215,0.00231357485913852
-321.73333333888,0.00280830853264225
-321.700000005545,0.00142406248592075
-321.666666672211,-0.00116326622194296
-321.633333338876,-0.00646306724252366
-321.600000005541,-0.00210601088347639
-321.566666672206,-0.00220588290364121
-321.533333338871,-0.00463622936816444
-321.500000005537,-0.0052112763630594
-321.466666672202,-0.00601769043078026
-321.433333338867,-0.00545887481310003
-321.400000005532,-0.0052988473203488
-321.366666672198,-0.00457687913592453
-321.333333338863,-0.00705983640671126
-321.300000005528,-0.00562001455091654
-321.266666672193,-0.00938831381802752
-321.233333338858,-0.00865673961745694
-321.200000005524,-0.00745952571421493
-321.166666672189,-0.00745894279179626
-321.133333338854,-0.00770719856438251
-321.100000005519,-0.0122711743168796
-321.066666672185,-0.0110586460633092
-321.03333333885,-0.00882223345408306
-321.000000005515,-0.0102636264120921
-320.96666667218,-0.00906293145362969
-320.933333338845,-0.0115483465456508
-320.900000005511,-0.011785564353569
-320.866666672176,-0.0121857560061639
-320.833333338841,-0.0108999273403549
-320.800000005506,-0.00881908972028489
-320.766666672171,-0.00890468288345114
-320.733333338837,-0.0100238094383867
-320.700000005502,-0.00922002498787822
-320.666666672167,-0.00858063633915118
-320.633333338832,-0.00777851849427891
-320.600000005498,-0.00681986750529828
-320.566666672163,-0.0087414303246629
-320.533333338828,-0.00817654581815697
-320.500000005493,-0.0107489346107476
-320.466666672158,-0.00668032329715706
-320.433333338824,-0.00798901592119305
-320.400000005489,-0.00869162159268577
-320.366666672154,-0.00552441914228696
-320.333333338819,-0.0040236333794631
-320.300000005485,-0.00431566674274086
-320.26666667215,-0.00504625445100626
-320.233333338815,-0.00510256297139577
-320.20000000548,-0.00254825896240884
-320.166666672145,-0.00344812128503469
-320.133333338811,-0.00374628079313832
-320.100000005476,-0.00291649859847731
-320.066666672141,-0.00344837693291811
-320.033333338806,-0.00505308730116338
-320.000000005471,-0.00639567095689952
-319.966666672137,-0.00490487168432263
-319.933333338802,-0.00684632278409836
-319.900000005467,-0.00743798377510918
-319.866666672132,-0.0108314544849567
-319.833333338798,-0.00792714043028764
-319.800000005463,-0.00853204523339712
-319.766666672128,-0.0105052702818277
-319.733333338793,-0.0106717271501234
-319.700000005458,-0.0149863563131566
-319.666666672124,-0.0117413168660412
-319.633333338789,-0.0109568939849526
-319.600000005454,-0.0132588785019117
-319.566666672119,-0.0134512433047517
-319.533333338785,-0.0109696634540118
-319.50000000545,-0.00995083195067448
-319.466666672115,-0.00715919683994803
-319.43333333878,-0.0103489264706228
-319.400000005445,-0.0105053642842812
-319.366666672111,-0.0107250808427293
-319.333333338776,-0.00816195919070817
-319.300000005441,-0.00727600324461108
-319.266666672106,-0.00938056114405816
-319.233333338772,-0.00778425047448328
-319.200000005437,-0.00944650573813088
-319.166666672102,-0.00754124516765209
-319.133333338767,-0.00632898435404639
-319.100000005432,-0.0064021917145286
-319.066666672098,-0.00568777821921829
-319.033333338763,-0.00592761248476281
-319.000000005428,-0.00544151816789629
-318.966666672093,-0.00457611449041717
-318.933333338758,-0.00537449015136571
-318.900000005424,-0.00571187056040234
-318.866666672089,-0.00412841301361
-318.833333338754,-0.00576512136106588
-318.800000005419,-0.00810226640494571
-318.766666672085,-0.00666499683801425
-318.73333333875,-0.00849286676516126
-318.700000005415,-0.00742659072239071
-318.66666667208,-0.00472549486252161
-318.633333338745,-0.00718354985508962
-318.600000005411,-0.00923011520890293
-318.566666672076,-0.0048834765593293
-318.533333338741,-0.00759053133255316
-318.500000005406,-0.00539366769945093
-318.466666672072,-0.00438452182944249
-318.433333338737,-0.00197268616226753
-318.400000005402,-0.00515085308853291
-318.366666672067,-0.0023078551328789
-318.333333338732,-0.00249181503723406
-318.300000005398,-0.00234032225016079
-318.266666672063,-0.00145921138960747
-318.233333338728,0.00160977896966097
-318.200000005393,0.000185306980744371
-318.166666672059,-0.00136319171813015
-318.133333338724,-0.000501151336907313
-318.100000005389,-0.0026526161096998
-318.066666672054,-0.00220614126014496
-318.033333338719,-0.00117540319199616
-318.000000005385,-0.00419526702392348
-317.96666667205,-0.00486159957749843
-317.933333338715,-0.0111272617784341
-317.90000000538,-0.00765064364879942
-317.866666672045,-0.00989044573612796
-317.833333338711,-0.0121161908281879
-317.800000005376,-0.0101461704248056
-317.766666672041,-0.0144549668507727
-317.733333338706,-0.0132480856064912
-317.700000005372,-0.0132629267190771
-317.666666672037,-0.0150012500766006
-317.633333338702,-0.015328229038404
-317.600000005367,-0.0183607578635819
-317.566666672032,-0.014195467536616
-317.533333338698,-0.0131623919773433
-317.500000005363,-0.0106133754573119
-317.466666672028,-0.0139435536666275
-317.433333338693,-0.0129606469646587
-317.400000005358,-0.0101070778217095
-317.366666672024,-0.0093080906252595
-317.333333338689,-0.00791637590477356
-317.300000005354,-0.0043989091375537
-317.266666672019,-0.00696797545001249
-317.233333338685,-0.00562907828591974
-317.20000000535,-0.00313173878812412
-317.166666672015,-0.00418608782614616
-317.13333333868,-0.00428143804796521
-317.100000005345,-0.00352035662974393
-317.066666672011,-0.00295852620002668
-317.033333338676,-0.0023013059785274
-317.000000005341,-0.00786593660192692
-316.966666672006,-0.00298041028446405
-316.933333338672,-0.00442358480516436
-316.900000005337,-0.00650685653558436
-316.866666672002,-0.00148890317301498
-316.833333338667,-0.00333887306216563
-316.800000005332,-0.00347929333134189
-316.766666671998,-0.00169345001141652
-316.733333338663,-0.00321138864761872
-316.700000005328,-0.0020721780271582
-316.666666671993,-5.81117289243371e-05
-316.633333338659,-0.00253773287846792
-316.600000005324,-0.00139398380905686
-316.566666671989,-0.00336304056378101
-316.533333338654,0.000222028744280012
-316.500000005319,-5.63156760946537e-05
-316.466666671985,-0.000782808691770609
-316.43333333865,-0.000845837723591591
-316.400000005315,-0.0033100798074569
-316.36666667198,0.000584409359834615
-316.333333338646,-0.00174765344261851
-316.300000005311,-0.00564183943327257
-316.266666671976,-0.00174698550832852
-316.233333338641,-0.00476062806463318
-316.200000005306,-0.0058412537789021
-316.166666671972,-0.0051358398602015
-316.133333338637,-0.00608957712984426
-316.100000005302,-0.0082034354740933
-316.066666671967,-0.00973419074456383
-316.033333338632,-0.00771459788004547
-316.000000005298,-0.00909831528387928
-315.966666671963,-0.0117794001623427
-315.933333338628,-0.00875169210928894
-315.900000005293,-0.00853395476952812
-315.866666671959,-0.010730890962121
-315.833333338624,-0.00928737858765705
-315.800000005289,-0.00972216579397911
-315.766666671954,-0.00994609599916818
-315.733333338619,-0.00981775072195035
-315.700000005285,-0.0065667098503428
-315.66666667195,-0.00750447505580021
-315.633333338615,-0.00844513678559244
-315.60000000528,-0.00430492507789848
-315.566666671946,-0.00225108877685232
-315.533333338611,-0.00285089205078259
-315.500000005276,-0.00067363424376965
-315.466666671941,-0.000679372189133276
-315.433333338606,0.00126187942382028
-315.400000005272,-0.000172304133379431
-315.366666671937,0.00412697456285127
-315.333333338602,0.00166435801936626
-315.300000005267,0.00235225831404307
-315.266666671933,0.00182483618865248
-315.233333338598,0.00222262025802722
-315.200000005263,0.000870830364827047
-315.166666671928,0.00156035582227387
-315.133333338593,0.00254241873700389
-315.100000005259,0.00126190598004627
-315.066666671924,-0.000544381574428598
-315.033333338589,-0.00346478325916832
-315.000000005254,-0.00436589120048636
-314.966666671919,0.000516193705034751
-314.933333338585,-0.00531104563546381
-314.90000000525,-0.000756293104242967
-314.866666671915,-0.00266021363960822
-314.83333333858,-0.00633521229531953
-314.800000005246,-0.00541834043779665
-314.766666671911,-0.00386819019625484
-314.733333338576,-0.00199500549713116
-314.700000005241,-0.00308383914682553
-314.666666671906,-0.00304882243405025
-314.633333338572,-0.0012511642957026
-314.600000005237,0.000314348982964785
-314.566666671902,-0.00383932314347402
-314.533333338567,-0.000856454076942015
-314.500000005232,-0.000562968356764726
-314.466666671898,-0.00153432428019173
-314.433333338563,-0.00264592127600671
-314.400000005228,-0.00271077814889287
-314.366666671893,-0.00457433420700193
-314.333333338559,-0.00620613837599437
-314.300000005224,-0.00337228110154586
-314.266666671889,-0.00663148617667464
-314.233333338554,-0.00871783334451393
-314.200000005219,-0.00858330332857327
-314.166666671885,-0.00672942575710667
-314.13333333855,-0.0082982328732506
-314.100000005215,-0.00882283877476975
-314.06666667188,-0.00876009342109629
-314.033333338546,-0.00693923418014453
-314.000000005211,-0.00626538662314569
-313.966666671876,-0.00676209198792255
-313.933333338541,-0.00791704131811088
-313.900000005206,-0.00372299822872135
-313.866666671872,-0.00448177139518924
-313.833333338537,-0.00637828344600333
-313.800000005202,-0.0033349412253284
-313.766666671867,-0.00127381162255913
-313.733333338533,-0.000808362484567504
-313.700000005198,-0.00176405631096865
-313.666666671863,-0.00110359333133114
-313.633333338528,-0.000770744311919147
-313.600000005193,-0.00210746651711247
-313.566666671859,-0.00128495393712913
-313.533333338524,-0.000380242359674487
-313.500000005189,-0.00109254363544886
-313.466666671854,0.00151167866480617
-313.43333333852,0.0011338915019099
-313.400000005185,0.00124377382029384
-313.36666667185,-0.00121181211412735
-313.333333338515,0.000170371752727494
-313.30000000518,0.0017907989197854
-313.266666671846,-0.000944019427706277
-313.233333338511,-0.00157611818779935
-313.200000005176,7.0776166957609e-05
-313.166666671841,-0.000580554997066995
-313.133333338506,0.00183065760121637
-313.100000005172,0.00229822255480583
-313.066666671837,0.000817749221345476
-313.033333338502,0.00314726151682398
-313.000000005167,0.00335793193584399
-312.966666671833,0.00409784216625597
-312.933333338498,0.00094581320104159
-312.900000005163,0.00500218188052692
-312.866666671828,0.00593039148037489
-312.833333338493,0.00472214925537906
-312.800000005159,0.00567184405380472
-312.766666671824,0.00353392720303414
-312.733333338489,0.00391250683694666
-312.700000005154,0.00557681153774736
-312.66666667182,0.000938173728843861
-312.633333338485,0.00464111286661084
-312.60000000515,-0.00286652074053484
-312.566666671815,-0.00537868860280732
-312.53333333848,-0.00498304791572157
-312.500000005146,-0.00465252380885961
-312.466666671811,-0.00774643780769457
-312.433333338476,-0.008546577606377
-312.400000005141,-0.00657657493446984
-312.366666671806,-0.0090014881351258
-312.333333338472,-0.0126055077137217
-312.300000005137,-0.00838881239474609
-312.266666671802,-0.00764739311795637
-312.233333338467,-0.0100151944007471
-312.200000005133,-0.00818394664511779
-312.166666671798,-0.010577308166678
-312.133333338463,-0.00863010677402742
-312.100000005128,-0.00766958018267316
-312.066666671793,-0.00339239715875783
-312.033333338459,-0.00376968796992694
-312.000000005124,-0.00519712494787017
-311.966666671789,-0.00178261661439483
-311.933333338454,-0.00227328981834829
-311.90000000512,5.94654902313918e-05
-311.866666671785,-0.000607227749377937
-311.83333333845,0.00138195956335907
-311.800000005115,0.00089446128783166
-311.76666667178,0.00517900231559798
-311.733333338446,0.00564593293398608
-311.700000005111,0.0023654931987811
-311.666666671776,0.000178616189112968
-311.633333338441,0.00209077174382344
-311.600000005106,0.000519092469997151
-311.566666671772,-0.00053837731389228
-311.533333338437,-0.000648385154099929
-311.500000005102,-0.00117771930552801
-311.466666671767,-0.00261180286238694
-311.433333338433,-0.00372444531508553
-311.400000005098,-0.00144478094061085
-311.366666671763,-0.00224633333519109
-311.333333338428,0.00140446779139747
-311.300000005093,0.00090256531382682
-311.266666671759,0.000353620029846513
-311.233333338424,0.0005081385271265
-311.200000005089,0.00591368500579847
-311.166666671754,0.00411587703479788
-311.13333333842,0.00407574288093315
-311.100000005085,0.00493120256730628
-311.06666667175,0.00663376875427357
-311.033333338415,0.00476836202348463
-311.00000000508,0.00322693417086939
-310.966666671746,0.00463227736915106
-310.933333338411,0.00278467037025842
-310.900000005076,0.00186896692123639
-310.866666671741,-0.00175084672382086
-310.833333338407,-0.00147640290438344
-310.800000005072,-0.00391831642829787
-310.766666671737,-0.00695663170037664
-310.733333338402,-0.00785921021122815
-310.700000005067,-0.00768885735537217
-310.666666671733,-0.00943245317736829
-310.633333338398,-0.00930745858083748
-310.600000005063,-0.0102679115219502
-310.566666671728,-0.0111848276356664
-310.533333338394,-0.00848904187957067
-310.500000005059,-0.00913711016543051
-310.466666671724,-0.00853015963302128
-310.433333338389,-0.00673019725380686
-310.400000005054,-0.0035413196514914
-310.36666667172,-0.00551645002745504
-310.333333338385,-0.00237924276544244
-310.30000000505,-0.00240140855632476
-310.266666671715,0.00125835201834756
-310.23333333838,0.000978415837488922
-310.200000005046,0.00495620075444836
-310.166666671711,0.000963985921031751
-310.133333338376,0.00442010320079556
-310.100000005041,0.00686969649943836
-310.066666671707,0.00178564993513175
-310.033333338372,0.0028769612279822
-310.000000005037,0.00215491542876456
-309.966666671702,0.00301268844181102
-309.933333338367,0.00254831074913775
-309.900000005033,-0.000226411336952337
-309.866666671698,0.00016148507394198
-309.833333338363,0.00376119079619464
-309.800000005028,-4.43819782801613e-05
-309.766666671694,-0.00265127095092932
-309.733333338359,-0.00145241434989329
-309.700000005024,-0.00360223326725084
-309.666666671689,-0.00327744048949707
-309.633333338354,-0.00498194611010028
-309.60000000502,-0.00326195702132104
-309.566666671685,-0.00441380029371952
-309.53333333835,-0.00320291699811348
-309.500000005015,-0.00383249559457421
-309.46666667168,-0.00157784816497653
-309.433333338346,-0.00116178258534894
-309.400000005011,0.000221997794790707
-309.366666671676,0.00232049946033608
-309.333333338341,-6.21709708169549e-05
-309.300000005007,0.00175615414424846
-309.266666671672,0.00390713321854153
-309.233333338337,0.00206144185860024
-309.200000005002,0.00130197613020366
-309.166666671667,0.00111438913401696
-309.133333338333,0.00205293206182877
-309.100000004998,-0.000174769235338434
-309.066666671663,0.000634661448738916
-309.033333338328,-0.00177820161012643
-309.000000004994,0.000343188427780583
-308.966666671659,-0.00495969440239119
-308.933333338324,-0.00603967939933225
-308.900000004989,-0.00379738900498372
-308.866666671654,-0.00777850821849402
-308.83333333832,-0.0088115253736436
-308.800000004985,-0.00805519328832849
-308.76666667165,-0.00540223423524766
-308.733333338315,-0.00436374843645382
-308.70000000498,-0.00850831820488029
-308.666666671646,-0.00722845724276078
-308.633333338311,-0.00579232513150629
-308.600000004976,-0.00466102010819025
-308.566666671641,-0.00461180058061694
-308.533333338307,-0.00280251564460521
-308.500000004972,-0.00508762179434807
-308.466666671637,-0.00379543538208971
-308.433333338302,-0.00351743771094892
-308.400000004967,-0.00687539439498663
-308.366666671633,-0.00513078158586755
-308.333333338298,-0.00399379566655278
-308.300000004963,-0.00338572527352754
-308.266666671628,-0.00442979060126092
-308.233333338294,-0.00349366534243467
-308.200000004959,-0.0016973438367841
-308.166666671624,-0.00338196337556529
-308.133333338289,-0.00199959994922294
-308.100000004954,-0.000733036015403199
-308.06666667162,-0.00233449351555837
-308.033333338285,-0.00337407513709642
-308.00000000495,-0.00337793013356269
-307.966666671615,-0.00289132934756042
-307.933333338281,-0.00486384755967828
-307.900000004946,-0.0069984482020361
-307.866666671611,-0.0034054249109966
-307.833333338276,-0.00484960412111723
-307.800000004941,-0.00474461474487187
-307.766666671607,1.32445556443317e-05
-307.733333338272,-0.00116803253869002
-307.700000004937,-0.000338472115974708
-307.666666671602,0.00186128789200868
-307.633333338268,0.000434257824695305
-307.600000004933,-0.00032132014694608
-307.566666671598,-0.000485271900184325
-307.533333338263,-0.000295504701968263
-307.500000004928,0.000524669028232894
-307.466666671594,-0.00212318458653094
-307.433333338259,-0.00158216845994508
-307.400000004924,-0.00203267447386513
-307.366666671589,-0.0049372354530014
-307.333333338254,-0.00362169837551174
-307.30000000492,-0.00489775753262356
-307.266666671585,-0.00436333546468504
-307.23333333825,-0.00977960734073358
-307.200000004915,-0.00761941571444513
-307.166666671581,-0.00982920071850546
-307.133333338246,-0.0109426620879653
-307.100000004911,-0.0114725163367373
-307.066666671576,-0.0113721080377408
-307.033333338241,-0.012782727870668
-307.000000004907,-0.0153869766784271
-306.966666671572,-0.0135764256183997
-306.933333338237,-0.0147232465742644
-306.900000004902,-0.0141448846290665
-306.866666671567,-0.0131625120697756
-306.833333338233,-0.0109288373009943
-306.800000004898,-0.0141928471763567
-306.766666671563,-0.0110791928399032
-306.733333338228,-0.0137671991078288
-306.700000004894,-0.0120372075967299
-306.666666671559,-0.0129894700695308
-306.633333338224,-0.0104370954192585
-306.600000004889,-0.00946213579527699
-306.566666671554,-0.0111502900858111
-306.53333333822,-0.0112914093345257
-306.500000004885,-0.0101671358043166
-306.46666667155,-0.0148986836455741
-306.433333338215,-0.0101015447124826
-306.400000004881,-0.0149504876554342
-306.366666671546,-0.0102292648616693
-306.333333338211,-0.00733818256950236
-306.300000004876,-0.0101004337163478
-306.266666671541,-0.0102132176589691
-306.233333338207,-0.0106761126457069
-306.200000004872,-0.00697692306719477
-306.166666671537,-0.00788086394773524
-306.133333338202,-0.00891961809092079
-306.100000004868,-0.00706456276137368
-306.066666671533,-0.00802081422857914
-306.033333338198,-0.00827177873462548
-306.000000004863,-0.0105208503072246
-305.966666671528,-0.00951076107031912
-305.933333338194,-0.00806763404753963
-305.900000004859,-0.0112245356681626
-305.866666671524,-0.0118001953076122
-305.833333338189,-0.0128784675037088
-305.800000004854,-0.0133749154543056
-305.76666667152,-0.0124225551388956
-305.733333338185,-0.0120357286883572
-305.70000000485,-0.0150890274131065
-305.666666671515,-0.0154700431287146
-305.633333338181,-0.0161845218022106
-305.600000004846,-0.0174019503534895
-305.566666671511,-0.0195127483535815
-305.533333338176,-0.0207565703690459
-305.500000004841,-0.020740804099759
-305.466666671507,-0.0235246072088685
-305.433333338172,-0.0242182409016203
-305.400000004837,-0.0238690689613641
-305.366666671502,-0.0244492674703275
-305.333333338168,-0.0242159444341392
-305.300000004833,-0.0302484957119157
-305.266666671498,-0.0285052643885126
-305.233333338163,-0.0304243109207489
-305.200000004828,-0.0299701941850645
-305.166666671494,-0.0311272204375164
-305.133333338159,-0.0327567867415712
-305.100000004824,-0.0375633296883366
-305.066666671489,-0.0352447551045647
-305.033333338155,-0.0362954374303328
-305.00000000482,-0.0402002447350575
-304.966666671485,-0.0374674885056853
-304.93333333815,-0.0431962433617765
-304.900000004815,-0.0442583970964853
-304.866666671481,-0.043659742348978
-304.833333338146,-0.0457570872864692
-304.800000004811,-0.0501989431629657
-304.766666671476,-0.050942607372884
-304.733333338142,-0.0548029666020609
-304.700000004807,-0.0587180906741256
-304.666666671472,-0.0626203675513772
-304.633333338137,-0.0639707164418798
-304.600000004802,-0.0641279682460345
-304.566666671468,-0.0698615469023516
-304.533333338133,-0.0697433568415643
-304.500000004798,-0.075517538504373
-304.466666671463,-0.0798749082349316
-304.433333338128,-0.08270118488705
-304.400000004794,-0.0849907824825331
-304.366666671459,-0.0938360172319563
-304.333333338124,-0.097999648006335
-304.300000004789,-0.0998670401432431
-304.266666671455,-0.103203673610165
-304.23333333812,-0.105374306235253
-304.200000004785,-0.109626084576112
-304.16666667145,-0.109456930958005
-304.133333338115,-0.108723987923552
-304.100000004781,-0.106799701825037
-304.066666671446,-0.108515909818475
-304.033333338111,-0.100923459407895
-304.000000004776,-0.0908521475409588
-303.966666671441,-0.0846873799319392
-303.933333338107,-0.0693772462373414
-303.900000004772,-0.0508259360605305
-303.866666671437,-0.028583774465445
-303.833333338102,-0.0030862164763793
-303.800000004768,0.0251435696428911
-303.766666671433,0.0625822646322317
-303.733333338098,0.103125934786886
-303.700000004763,0.143634966229848
-303.666666671428,0.195164268483925
-303.633333338094,0.245429252097874
-303.600000004759,0.295591164445806
-303.566666671424,0.351680637185272
-303.533333338089,0.400703078593474
-303.500000004755,0.447316486128285
-303.46666667142,0.489650705093871
-303.433333338085,0.522946612835718
-303.40000000475,0.547410095886651
-303.366666671415,0.564400975916308
-303.333333338081,0.567625643698293
-303.300000004746,0.561533292565762
-303.266666671411,0.544930163194779
-303.233333338076,0.515753202617559
-303.200000004742,0.476231554676583
-303.166666671407,0.42901275180423
-303.133333338072,0.376645396744093
-303.100000004737,0.318710079259472
-303.066666671402,0.257461466688841
-303.033333338068,0.196327152414148
-303.000000004733,0.132121406245838
-302.966666671398,0.0757877184120861
-302.933333338063,0.0186898325922759
-302.900000004728,-0.0292990234680987
-302.866666671394,-0.0726520912831919
-302.833333338059,-0.112903807556083
-302.800000004724,-0.147750248342304
-302.766666671389,-0.173530712998314
-302.733333338055,-0.194665438828514
-302.70000000472,-0.214872494769227
-302.666666671385,-0.224832814125266
-302.63333333805,-0.232928306893678
-302.600000004715,-0.238048681201785
-302.566666671381,-0.240001907928178
-302.533333338046,-0.233535181431782
-302.500000004711,-0.233119911758449
-302.466666671376,-0.22652779185277
-302.433333338042,-0.219874838992553
-302.400000004707,-0.211482468422118
-302.366666671372,-0.201990562231834
-302.333333338037,-0.191152244855957
-302.300000004702,-0.180771201895497
-302.266666671368,-0.168404524447806
-302.233333338033,-0.159663748124008
-302.200000004698,-0.149958341715743
-302.166666671363,-0.13452019632466
-302.133333338029,-0.121430114624973
-302.100000004694,-0.114360652690455
-302.066666671359,-0.102943383512036
-302.033333338024,-0.0925332773546977
-302.000000004689,-0.0834274467156443
-301.966666671355,-0.0757836804787088
-301.93333333802,-0.0662078090079297
-301.900000004685,-0.0621284127206048
-301.86666667135,-0.0566031728096222
-301.833333338015,-0.0553426185403888
-301.800000004681,-0.0516074511787107
-301.766666671346,-0.0539696193716503
-301.733333338011,-0.0532236431710043
-301.700000004676,-0.0528266686838735
-301.666666671342,-0.0526049834589536
-301.633333338007,-0.0539737882949487
-301.600000004672,-0.0513198087371439
-301.566666671337,-0.0519351225129208
-301.533333338002,-0.0520693385427277
-301.500000004668,-0.0516896025641032
-301.466666671333,-0.0472973164726307
-301.433333337998,-0.043932701254878
-301.400000004663,-0.0416251922237368
-301.366666671329,-0.0322660218183165
-301.333333337994,-0.0291739131401783
-301.300000004659,-0.0288139955800708
-301.266666671324,-0.0263217095579064
-301.233333337989,-0.020954240401172
-301.200000004655,-0.0189942433425853
-301.16666667132,-0.0184504926601077
-301.133333337985,-0.0163609511501384
-301.10000000465,-0.0190740814646682
-301.066666671315,-0.0162333991779828
-301.033333337981,-0.0172950656940927
-301.000000004646,-0.0163822856009925
-300.966666671311,-0.0160267076193931
-300.933333337976,-0.017883192060867
-300.900000004642,-0.0202375379280381
-300.866666671307,-0.0168003727330782
-300.833333337972,-0.0184880742914409
-300.800000004637,-0.0175885732924589
-300.766666671302,-0.0142582544053539
-300.733333337968,-0.0145195859896854
-300.700000004633,-0.0154286607625339
-300.666666671298,-0.0151812840048628
-300.633333337963,-0.00906327313470068
-300.600000004629,-0.0127650713241058
-300.566666671294,-0.00333715654339883
-300.533333337959,-0.00514095102687351
-300.500000004624,-0.00163049604172205
-300.466666671289,0.000544887861174459
-300.433333337955,0.00562784188194365
-300.40000000462,0.00728250604087177
-300.366666671285,0.012478289064089
-300.33333333795,0.0122544031246433
-300.300000004616,0.0129309643497695
-300.266666671281,0.0149431283951861
-300.233333337946,0.0153059507393871
-300.200000004611,0.0174210100153576
-300.166666671276,0.0196244158889886
-300.133333337942,0.0176004174181109
-300.100000004607,0.0152829281259599
-300.066666671272,0.0135262598902891
-300.033333337937,0.00928571800102485
-300.000000004602,0.00747357362266154
-299.966666671268,0.00440752788269738
-299.933333337933,0.00130146431295752
-299.900000004598,-0.00319220345105342
-299.866666671263,-0.00770497903558831
-299.833333337929,-0.0112938008872201
-299.800000004594,-0.0137419631717142
-299.766666671259,-0.0147290366251556
-299.733333337924,-0.0145638085144203
-299.700000004589,-0.0139525193861929
-299.666666671255,-0.0153237400758487
-299.63333333792,-0.0123267382196663
-299.600000004585,-0.0104117095810454
-299.56666667125,-0.00821977581922795
-299.533333337916,-0.00825448407957663
-299.500000004581,-0.00383211783800963
-299.466666671246,-0.00170206047031474
-299.433333337911,0.00188303642005438
-299.400000004576,0.00227656160027967
-299.366666671242,0.00177590557318963
-299.333333337907,0.00415894168725284
-299.300000004572,0.00383699801888648
-299.266666671237,0.00467735850340933
-299.233333337903,0.00555217148857823
-299.200000004568,0.00452381351139419
-299.166666671233,0.00861660834537969
-299.133333337898,0.00676531407067138
-299.100000004563,0.00827749209617346
-299.066666671229,0.0104859716404301
-299.033333337894,0.0117456774436334
-299.000000004559,0.014259702866916
-298.966666671224,0.0119672100644914
-298.933333337889,0.0169576345445698
-298.900000004555,0.0173178334366998
-298.86666667122,0.0198864944384558
-298.833333337885,0.0185718945884011
-298.80000000455,0.0206414571481101
-298.766666671216,0.0204261605843213
-298.733333337881,0.01874787942644
-298.700000004546,0.0180237472732581
-298.666666671211,0.0177736031177514
-298.633333337876,0.0133747335055928
-298.600000004542,0.0124575989999397
-298.566666671207,0.00994577571832289
-298.533333337872,0.00830571806730307
-298.500000004537,0.00862305238624683
-298.466666671203,0.00932805588571095
-298.433333337868,0.00549536245190552
-298.400000004533,0.0017262225645639
-298.366666671198,-0.00155245254059178
-298.333333337863,-0.000662386343446064
-298.300000004529,-0.00263432369611794
-298.266666671194,-0.00373246837956787
-298.233333337859,-0.00699555126759499
-298.200000004524,-0.00723873079980764
-298.166666671189,-0.0112238563511444
-298.133333337855,-0.0130437527949361
-298.10000000452,-0.0157015987202864
-298.066666671185,-0.0179659071254631
-298.03333333785,-0.0198432146619366
-298.000000004516,-0.022740394875548
-297.966666671181,-0.0236212347641023
-297.933333337846,-0.0237453825548071
-297.900000004511,-0.0239361873728654
-297.866666671176,-0.0274677641638461
-297.833333337842,-0.0234248546698429
-297.800000004507,-0.0225897204448186
-297.766666671172,-0.0194398933758559
-297.733333337837,-0.0193782099476154
-297.700000004503,-0.0179113114830705
-297.666666671168,-0.0174513894150945
-297.633333337833,-0.0149077751836979
-297.600000004498,-0.0157644645527324
-297.566666671163,-0.00922724358783078
-297.533333337829,-0.0102894377829764
-297.500000004494,-0.0066509788365291
-297.466666671159,-0.00690864805794389
-297.433333337824,0.00012301704785278
-297.40000000449,-0.000542979988992554
-297.366666671155,-0.00313559179461165
-297.33333333782,-0.00112960821241226
-297.300000004485,0.00106428367298772
-297.26666667115,0.00458132032959246
-297.233333337816,0.00157007463996073
-297.200000004481,0.00708073103668394
-297.166666671146,0.00547982417795623
-297.133333337811,0.00755339767033614
-297.100000004476,0.00767398536935571
-297.066666671142,0.00670117919579527
-297.033333337807,0.00453057266729651
-297.000000004472,0.00678862102099653
-296.966666671137,0.00242431175377722
-296.933333337803,0.00299326842111525
-296.900000004468,0.00457499624959246
-296.866666671133,0.00516316500656711
-296.833333337798,0.003438271950302
-296.800000004463,0.00442227798238215
-296.766666671129,0.00463293502271589
-296.733333337794,0.0050393971094046
-296.700000004459,0.00543201038716301
-296.666666671124,0.00496018529810982
-296.63333333779,0.00505372377897606
-296.600000004455,0.00592752048919643
-296.56666667112,0.00445986387739072
-296.533333337785,0.00523049556255661
-296.50000000445,0.00638835329139942
-296.466666671116,0.00339190255542288
-296.433333337781,0.00295408457526769
-296.400000004446,0.00261204185006536
-296.366666671111,-1.20602082135379e-05
-296.333333337776,0.000775830607772532
-296.300000004442,-0.00058385656975668
-296.266666671107,-0.00124343416101291
-296.233333337772,-0.000505718142563283
-296.200000004437,-0.00376208061465733
-296.166666671103,-0.00527166530126133
-296.133333337768,-0.00276158915453129
-296.100000004433,-0.00352826386825411
-296.066666671098,-0.00276662493388979
-296.033333337763,0.00190873478966769
-296.000000004429,-0.00203179251942065
-295.966666671094,0.000680733183551219
-295.933333337759,0.00322663782675014
-295.900000004424,0.00404290891979719
-295.86666667109,0.00740287171467946
-295.833333337755,0.0124465538092585
-295.80000000442,0.0112129294462974
-295.766666671085,0.0118178388091934
-295.73333333775,0.0115136200172122
-295.700000004416,0.0119116433561121
-295.666666671081,0.0144490143118885
-295.633333337746,0.0178024045636893
-295.600000004411,0.0169731425775808
-295.566666671077,0.0172313270354414
-295.533333337742,0.0199025351750595
-295.500000004407,0.0204913533965175
-295.466666671072,0.0194851757603294
-295.433333337737,0.0178186082840279
-295.400000004403,0.020107231301462
-295.366666671068,0.0184020054477428
-295.333333337733,0.0192727173663264
-295.300000004398,0.0198918682449839
-295.266666671063,0.0178957858929358
-295.233333337729,0.0179907313542486
-295.200000004394,0.0155963712358609
-295.166666671059,0.0153500943953793
-295.133333337724,0.0176308124135437
-295.10000000439,0.0171863065244505
-295.066666671055,0.0146702027833391
-295.03333333772,0.0131543999985346
-295.000000004385,0.0111812729596692
-294.96666667105,0.011701250773018
-294.933333337716,0.0132867987948516
-294.900000004381,0.0130447284817776
-294.866666671046,0.0132943475163092
-294.833333337711,0.01129984310927
-294.800000004377,0.0108611682796278
-294.766666671042,0.0123912766040342
-294.733333337707,0.0116322753153848
-294.700000004372,0.0105208805540441
-294.666666671037,0.00831186750086133
-294.633333337703,0.00639317341805867
-294.600000004368,0.00732924099432208
-294.566666671033,0.00485979549043669
-294.533333337698,0.00336096309008249
-294.500000004364,0.00176077375948591
-294.466666671029,-0.00393565173431254
-294.433333337694,0.000304707971354956
-294.400000004359,-0.004510165479226
-294.366666671024,-0.00641498318527656
-294.33333333769,-0.00671301563227711
-294.300000004355,-0.0102326225988583
-294.26666667102,-0.00976181195689496
-294.233333337685,-0.0114581485916203
-294.20000000435,-0.00965140444634383
-294.166666671016,-0.0100168187331194
-294.133333337681,-0.0102469862081015
-294.100000004346,-0.00774428372441471
-294.066666671011,-0.00768556737375703
-294.033333337677,-0.00651242529107476
-294.000000004342,-0.00649283723843397
-293.966666671007,-0.00645637335520444
-293.933333337672,-0.000523883058943131
-293.900000004337,-0.000331277243346806
-293.866666671003,0.000792529090336336
-293.833333337668,0.000611828039828288
-293.800000004333,0.0077886006106419
-293.766666670998,0.00758809597818744
-293.733333337664,0.00705040344424124
-293.700000004329,0.0127004714784985
-293.666666670994,0.0102205538334029
-293.633333337659,0.0120930710438572
-293.600000004324,0.0149345616621006
-293.56666667099,0.0117097873438343
-293.533333337655,0.0129678248306346
-293.50000000432,0.0107653572712267
-293.466666670985,0.00865220767722752
-293.43333333765,0.00608451762413931
-293.400000004316,0.00736414049678324
-293.366666670981,0.00448484355535339
-293.333333337646,0.00456417594532543
-293.300000004311,0.00833866206936384
-293.266666670977,0.00558740086579768
-293.233333337642,0.00394403306695978
-293.200000004307,0.00553542533787432
-293.166666670972,0.00225062358865136
-293.133333337637,0.00479285336142443
-293.100000004303,0.00251108293100555
-293.066666670968,0.00325868852095923
-293.033333337633,0.000162323945186671
-293.000000004298,0.001906387553679
-292.966666670964,-0.00100667950931888
-292.933333337629,-0.00122509419756223
-292.900000004294,-0.000820196205633894
-292.866666670959,0.000789822675183238
-292.833333337624,-0.00213928484966153
-292.80000000429,-0.00685153454674214
-292.766666670955,-0.0045949324828386
-292.73333333762,-0.00359013364539096
-292.700000004285,-0.00902951995691625
-292.666666670951,-0.00648344898181108
-292.633333337616,-0.00824475662661905
-292.600000004281,-0.0083672503279848
-292.566666670946,-0.00818020252174223
-292.533333337611,-0.0109378910848859
-292.500000004277,-0.0105853128687119
-292.466666670942,-0.0107486547311962
-292.433333337607,-0.00668564257207915
-292.400000004272,-0.00668988739829357
-292.366666670937,-0.00930696250063323
-292.333333337603,-0.0100115347129154
-292.300000004268,-0.00674390758608268
-292.266666670933,-0.00472595128103415
-292.233333337598,-0.00436780183126295
-292.200000004264,-0.00201816038569536
-292.166666670929,-0.00334312010542259
-292.133333337594,0.00116133584799705
-292.100000004259,0.00110323274203172
-292.066666670924,0.00384397789790492
-292.03333333759,0.00888254240486896
-292.000000004255,0.00939068544340882
-291.96666667092,0.00865251715761373
-291.933333337585,0.0134720322860178
-291.900000004251,0.0144269089617669
-291.866666670916,0.0135977855741628
-291.833333337581,0.0163925054573562
-291.800000004246,0.0188376399538047
-291.766666670911,0.0186235592380932
-291.733333337577,0.0167077341407845
-291.700000004242,0.0152030666843078
-291.666666670907,0.0171858075748542
-291.633333337572,0.0139379755553831
-291.600000004238,0.0165284019696404
-291.566666670903,0.00918416711000047
-291.533333337568,0.00626222153530587
-291.500000004233,0.00711751019897522
-291.466666670898,0.00208359276986148
-291.433333337564,0.00220351046509404
-291.400000004229,-0.00078507147495599
-291.366666670894,0.000232271064124823
-291.333333337559,-0.00140418737693471
-291.300000004224,-0.000677922378977236
-291.26666667089,0.000124429185421882
-291.233333337555,-0.000927168360576047
-291.20000000422,0.00175531557954434
-291.166666670885,-0.000402435545623914
-291.133333337551,0.00114142731989852
-291.100000004216,0.00373503203643533
-291.066666670881,0.0019161162391641
-291.033333337546,0.00406929260185707
-291.000000004211,0.00273059119417918
-290.966666670877,0.00567577056846458
-290.933333337542,0.00140309188969123
-290.900000004207,0.00417183882108774
-290.866666670872,0.005596055880418
-290.833333337538,0.00329165345594162
-290.800000004203,0.00394287679119676
-290.766666670868,0.00260308161122347
-290.733333337533,-0.0019339784676724
-290.700000004198,0.000753523024877412
-290.666666670864,-0.00665084106055458
-290.633333337529,-0.00604751660230018
-290.600000004194,-0.00643834192661008
-290.566666670859,-0.00754942858735097
-290.533333337524,-0.0081076065412875
-290.50000000419,-0.00498493502218456
-290.466666670855,-0.00687825620827864
-290.43333333752,-0.00596393205673484
-290.400000004185,-0.00488978756816516
-290.366666670851,-0.00119512701310986
-290.333333337516,-0.00129123479737647
-290.300000004181,-0.000192976806152712
-290.266666670846,0.000761023185371745
-290.233333337511,0.00268825212737389
-290.200000004177,0.00430473133241127
-290.166666670842,0.00487501039222848
