Time,Pulse
-340.00000000634,-0.000716763901145612
-339.966666673006,-0.00126473879836853
-339.933333339671,-0.00127797102228755
-339.900000006336,0.00218070374665258
-339.866666673001,5.74824933081697e-05
-339.833333339667,0.00124869038628395
-339.800000006332,0.000586588691855905
-339.766666672997,0.00138414318850022
-339.733333339662,0.00217008054966861
-339.700000006327,0.00209393649281697
-339.666666672993,0.000274453181345335
-339.633333339658,-0.00113621433271494
-339.600000006323,-0.00300262791509187
-339.566666672988,0.00167395137132564
-339.533333339654,7.45579668381957e-05
-339.500000006319,-0.000804258056902984
-339.466666672984,-0.00112085461804368
-339.433333339649,0.000146987218360817
-339.400000006314,0.00104334000553641
-339.36666667298,-0.00157608003601994
-339.333333339645,-0.00311426052234864
-339.30000000631,-0.000703905890683698
-339.266666672975,-0.000317819727258195
-339.233333339641,-0.000155970108681736
-339.200000006306,0.00178332021898653
-339.166666672971,-0.00226130398064794
-339.133333339636,0.000885511138702388
-339.100000006301,0.00144497620669748
-339.066666672967,0.000404046053317897
-339.033333339632,-0.00277943024626937
-339.000000006297,-0.00119662532702736
-338.966666672962,-0.000612855789109634
-338.933333339627,0.000644300766198147
-338.900000006293,-0.000701705807000796
-338.866666672958,-0.0003872086663117
-338.833333339623,0.000870381567294132
-338.800000006288,-0.00136506814580484
-338.766666672954,-0.00102305114359769
-338.733333339619,0.0012048463672506
-338.700000006284,-0.000703447055639406
-338.666666672949,-0.00175297972309518
-338.633333339614,-0.00359221309743218
-338.60000000628,0.00290110628725304
-338.566666672945,0.000795827315698161
-338.53333333961,0.00168954239516284
-338.500000006275,0.00104512096599452
-338.466666672941,9.21044491741796e-06
-338.433333339606,-0.00118313638823253
-338.400000006271,-0.000559134747546319
-338.366666672936,0.00326000490779577
-338.333333339601,-0.00222858333430676
-338.300000006267,0.00105980135360373
-338.266666672932,0.000770101699749448
-338.233333339597,-0.00247783767499765
-338.200000006262,-0.000931731393755464
-338.166666672927,-0.00483076648904424
-338.133333339593,-0.00360879368486755
-338.100000006258,0.000873495977647298
-338.066666672923,-0.000397870368713971
-338.033333339588,-0.00234803592149058
-338.000000006254,-0.00271921791964091
-337.966666672919,-0.00212088122003906
-337.933333339584,-0.000288007749248198
-337.900000006249,0.000238351121493396
-337.866666672914,0.00118397046390717
-337.83333333958,-0.000898751766597372
-337.800000006245,-0.00192603120155754
-337.76666667291,-0.000937896537229865
-337.733333339575,-0.000478291891399252
-337.700000006241,5.71249874907753e-05
-337.666666672906,0.00140343233133644
-337.633333339571,-0.00159665504446516
-337.600000006236,0.0017044421594169
-337.566666672901,7.13427145804246e-07
-337.533333339567,-0.00157996436830588
-337.500000006232,8.44550091673169e-05
-337.466666672897,7.77181732377619e-05
-337.433333339562,-0.000170206204556433
-337.400000006228,0.000555389649972593
-337.366666672893,0.000220369898419226
-337.333333339558,-0.0016849598294737
-337.300000006223,-0.000331273999329973
-337.266666672888,-0.000879475290586185
-337.233333339554,-0.00122284409525419
-337.200000006219,-0.00261484893717856
-337.166666672884,-0.00186912140979412
-337.133333339549,0.000408308207080821
-337.100000006214,0.00133479979407314
-337.06666667288,-0.00103893373635344
-337.033333339545,0.00123273645432531
-337.00000000621,0.000588341875046527
-336.966666672875,0.000258075442303718
-336.933333339541,-0.00150588783943129
-336.900000006206,-0.0015972211113765
-336.866666672871,0.00104612971451634
-336.833333339536,-0.00104959331308063
-336.800000006201,-0.000390579950027559
-336.766666672867,-0.000793884301356962
-336.733333339532,-0.000415988515230836
-336.700000006197,-0.00139628453068608
-336.666666672862,0.00190914080326443
-336.633333339528,-0.00210216874971603
-336.600000006193,0.00292688926770834
-336.566666672858,0.00085760629991416
-336.533333339523,-0.00111712798128838
-336.500000006188,0.000901808872185939
-336.466666672854,-0.00374643080208992
-336.433333339519,-0.000641416799080474
-336.400000006184,-0.00218824960349007
-336.366666672849,0.00127585212316239
-336.333333339515,-0.000515149566527429
-336.30000000618,-0.000796672190573555
-336.266666672845,-0.000301771982614829
-336.23333333951,-0.00142262612995603
-336.200000006175,2.11329380593872e-05
-336.166666672841,-0.00129944265032933
-336.133333339506,-0.00295439829756228
-336.100000006171,-0.00176967402848305
-336.066666672836,-0.000211676671376115
-336.033333339501,-0.00352124558508382
-336.000000006167,-0.0010438593677351
-335.966666672832,-0.00321621895182389
-335.933333339497,-0.000858591606854087
-335.900000006162,-0.00209291996379135
-335.866666672828,-0.0044001242903654
-335.833333339493,-0.000548558875996696
-335.800000006158,-0.00149201879141592
-335.766666672823,-0.000615512793231465
-335.733333339488,-0.00138812296725532
-335.700000006154,-0.00390827785370473
-335.666666672819,-0.00144542878240606
-335.633333339484,-0.00203187644184211
-335.600000006149,0.000563967845737534
-335.566666672815,-0.00101191824980862
-335.53333333948,0.00177106977742592
-335.500000006145,-0.00340440987619939
-335.46666667281,-0.00170152861912021
-335.433333339475,-0.000615376562819514
-335.400000006141,-0.00365182360927474
-335.366666672806,-0.00270500061983636
-335.333333339471,0.000196760916624683
-335.300000006136,-0.0040362463453727
-335.266666672801,-0.00269324335019749
-335.233333339467,-0.000239642241490756
-335.200000006132,-0.00108116735249986
-335.166666672797,-0.00185137003877045
-335.133333339462,-0.00144368713515908
-335.100000006128,-0.00350677398951582
-335.066666672793,-0.0014314884065294
-335.033333339458,-0.00392225251860057
-335.000000006123,-0.00131951686695186
-334.966666672788,0.00093396917941635
-334.933333339454,-0.00167854750971086
-334.900000006119,0.000233148786001114
-334.866666672784,-0.00339443963122288
-334.833333339449,-0.00137042084317451
-334.800000006115,-0.00305251706145659
-334.76666667278,0.000721096556068002
-334.733333339445,0.000116107324335868
-334.70000000611,-0.00283993697784757
-334.666666672775,-0.00208533491567642
-334.633333339441,-0.000895135642951073
-334.600000006106,-0.000946463563200273
-334.566666672771,-0.00143825546555953
-334.533333339436,-0.00152354302751911
-334.500000006102,-0.00429159647380017
-334.466666672767,-0.00485178554668142
-334.433333339432,-0.00337019271878014
-334.400000006097,-0.00338357743946993
-334.366666672762,0.0017739942436964
-334.333333339428,-0.00254966404538959
-334.300000006093,-0.000868636957559121
-334.266666672758,-0.00390869658411119
-334.233333339423,-0.00355726120616595
-334.200000006088,-0.00337813014405586
-334.166666672754,-0.00311384174060747
-334.133333339419,-0.0046669401010565
-334.100000006084,-0.00243516115019471
-334.066666672749,-0.00553832757058459
-334.033333339415,-0.0017416075135166
-334.00000000608,-0.000920835793595587
-333.966666672745,-0.00350623171193576
-333.93333333941,-0.00129266340874434
-333.900000006075,-0.00140176684438487
-333.866666672741,-0.00336036140113671
-333.833333339406,-0.00159377682264727
-333.800000006071,-0.00111933793202468
-333.766666672736,-0.000867703654251595
-333.733333339402,-0.00138590050646803
-333.700000006067,0.000224304865830249
-333.666666672732,-0.000900035464448168
-333.633333339397,-0.00063288273887474
-333.600000006062,-8.75456803275387e-05
-333.566666672728,-0.000145287312649955
-333.533333339393,-0.00358255373417937
-333.500000006058,-0.00218936313426477
-333.466666672723,-0.000318189886515885
-333.433333339388,-0.000368785974138586
-333.400000006054,-0.000894086384859549
-333.366666672719,0.00166758376720699
-333.333333339384,-0.00247183706405896
-333.300000006049,-0.00228870070926679
-333.266666672715,-0.000650659253982111
-333.23333333938,0.00015226748508923
-333.200000006045,-0.00174984500468811
-333.16666667271,-0.000725983978678402
-333.133333339375,-0.00235133248369535
-333.100000006041,-0.00275697215202719
-333.066666672706,0.000312014170082198
-333.033333339371,-0.000904606422028498
-333.000000006036,-0.00180359485768422
-332.966666672702,0.0016066704088471
-332.933333339367,0.000396581817917352
-332.900000006032,-0.00307832805505193
-332.866666672697,-0.00230262514091484
-332.833333339362,-0.00240845472721329
-332.800000006028,-0.000556572116219067
-332.766666672693,-0.00024147488295112
-332.733333339358,-0.00156726343323788
-332.700000006023,0.000880683333766674
-332.666666672689,-0.00241469739806421
-332.633333339354,-0.00219566706517205
-332.600000006019,-0.00211619003792762
-332.566666672684,-0.000361739125461336
-332.533333339349,-0.00397205745745866
-332.500000006015,-0.00131729467809683
-332.46666667268,-0.00206189092091758
-332.433333339345,-0.0015934911863964
-332.40000000601,-0.00192715191710902
-332.366666672675,-0.000699004748270338
-332.333333339341,8.71806556423937e-06
-332.300000006006,-0.000316039042974503
-332.266666672671,0.000623763084719453
-332.233333339336,0.00137215980632632
-332.200000006002,-0.000993567096233772
-332.166666672667,-0.00417981823286839
-332.133333339332,-0.00101976310332008
-332.100000005997,-0.00210052214261724
-332.066666672662,-0.00207551917056426
-332.033333339328,-0.00192872792549703
-332.000000005993,0.0018452656574578
-331.966666672658,-0.000557082355853611
-331.933333339323,-0.00123032458252359
-331.900000005989,0.00276197660644206
-331.866666672654,-0.00331530467818242
-331.833333339319,-0.00306530265682159
-331.800000005984,0.0020035630291293
-331.766666672649,0.0019986100675059
-331.733333339315,-0.000221131655179341
-331.70000000598,-0.00048200672384302
-331.666666672645,0.00209204725584899
-331.63333333931,-0.000982732639670969
-331.600000005976,0.0005663129194724
-331.566666672641,0.00127010837310515
-331.533333339306,0.00176821516092651
-331.500000005971,0.000117943067965087
-331.466666672636,-0.00141084236376621
-331.433333339302,0.000970136451487025
-331.400000005967,0.000687922668645147
-331.366666672632,-0.00295839385777574
-331.333333339297,0.000478018867213659
-331.300000005962,0.000125165327554577
-331.266666672628,9.57332953815948e-05
-331.233333339293,-0.0001780181864659
-331.200000005958,0.00224795897610308
-331.166666672623,-0.000129770826049813
-331.133333339289,-0.001102308149312
-331.100000005954,-1.16821708745496e-05
-331.066666672619,0.000282680901209198
-331.033333339284,-0.000970764335096463
-331.000000005949,0.00112529689871776
-330.966666672615,0.000353462450327524
-330.93333333928,0.0050573477593433
-330.900000005945,0.00474380775662142
-330.86666667261,0.00321504250030558
-330.833333339276,0.00204069637499005
-330.800000005941,0.00381381628865474
-330.766666672606,-0.000685598213861049
-330.733333339271,0.00158241939929649
-330.700000005936,0.00248711664810985
-330.666666672602,0.00248574782202438
-330.633333339267,0.00159568078304484
-330.600000005932,0.00080732443548448
-330.566666672597,0.0015312817134665
-330.533333339262,0.00272649392721036
-330.500000005928,0.0080054265870575
-330.466666672593,0.00565356066026834
-330.433333339258,0.00300730723296738
-330.400000005923,0.00583703837818272
-330.366666672589,0.00288194315140788
-330.333333339254,0.0061713626437383
-330.300000005919,0.00642211579607377
-330.266666672584,0.00705044354548556
-330.233333339249,0.00528620424707726
-330.200000005915,0.0090873508955579
-330.16666667258,0.00818523770436763
-330.133333339245,0.0103357505107063
-330.10000000591,0.00816392192782556
-330.066666672576,0.010791632479198
-330.033333339241,0.0124086484267593
-330.000000005906,0.0108211272602325
-329.966666672571,0.0129801308352822
-329.933333339236,0.0116060659966473
-329.900000005902,0.0165528066897523
-329.866666672567,0.0146031191950325
-329.833333339232,0.0132477407388203
-329.800000005897,0.0166243882172717
-329.766666672563,0.0158931059009538
-329.733333339228,0.0186734703895686
-329.700000005893,0.0174784780011887
-329.666666672558,0.0240886870112721
-329.633333339223,0.0199769118311458
-329.600000005889,0.0222188268261014
-329.566666672554,0.0239462561924414
-329.533333339219,0.0266474845088323
-329.500000005884,0.0267777249243272
-329.466666672549,0.0268278538524555
-329.433333339215,0.0295684319073276
-329.40000000588,0.0329761988780333
-329.366666672545,0.0344526988397723
-329.33333333921,0.0358894703352672
-329.300000005876,0.0359310566996844
-329.266666672541,0.0411463753823569
-329.233333339206,0.040865503534829
-329.200000005871,0.0432658892542154
-329.166666672536,0.0438211697727791
-329.133333339202,0.0450153542612483
-329.100000005867,0.0507458113113989
-329.066666672532,0.0539389222207286
-329.033333339197,0.055112704833939
-329.000000005863,0.054762756462112
-328.966666672528,0.0569797198707136
-328.933333339193,0.0583139223813688
-328.900000005858,0.0582167256643021
-328.866666672523,0.060429923079565
-328.833333339189,0.0569367428653559
-328.800000005854,0.0578642691659791
-328.766666672519,0.0604729922094963
-328.733333339184,0.0582377678633131
-328.70000000585,0.0561478509929189
-328.666666672515,0.0560888936636079
-328.63333333918,0.0514497379046676
-328.600000005845,0.0476966402264936
-328.56666667251,0.0440523816736307
-328.533333339176,0.0420647738263271
-328.500000005841,0.0371716189136863
-328.466666672506,0.0323183144955035
-328.433333339171,0.0287668188125617
-328.400000005836,0.0230060844784041
-328.366666672502,0.0168324753639452
-328.333333339167,0.0113847031144539
-328.300000005832,0.00476049128208944
-328.266666672497,-0.00478809429655602
-328.233333339163,-0.0118847793660669
-328.200000005828,-0.0205357628184307
-328.166666672493,-0.0342214071463139
-328.133333339158,-0.0414682000125529
-328.100000005823,-0.0535583943483864
-328.066666672489,-0.0618187591676491
-328.033333339154,-0.0781649688554157
-328.000000005819,-0.093406853867541
-327.966666672484,-0.112576691139768
-327.933333339149,-0.12805579178361
-327.900000005815,-0.146890502010182
-327.86666667248,-0.167564556898449
-327.833333339145,-0.190376131379295
-327.80000000581,-0.214997976116891
-327.766666672476,-0.236676563575915
-327.733333339141,-0.265860910995137
-327.700000005806,-0.292611892823261
-327.666666672471,-0.316567080403749
-327.633333339136,-0.340027736067539
-327.600000005802,-0.366316300223862
-327.566666672467,-0.388887592942209
-327.533333339132,-0.400654686726233
-327.500000005797,-0.412805080581672
-327.466666672463,-0.420606133333929
-327.433333339128,-0.416279857651447
-327.400000005793,-0.408609700050079
-327.366666672458,-0.396253241830352
-327.333333339123,-0.375624241776006
-327.300000005789,-0.344386912307096
-327.266666672454,-0.308607439733576
-327.233333339119,-0.271859977179856
-327.200000005784,-0.225728504609256
-327.16666667245,-0.181027444230986
-327.133333339115,-0.133281980642522
-327.10000000578,-0.0826891140133015
-327.066666672445,-0.0345799759672843
-327.03333333911,0.0107319077813752
-327.000000005776,0.0520290367496211
-326.966666672441,0.0890694660083167
-326.933333339106,0.121129313246244
-326.900000005771,0.153456754188801
-326.866666672437,0.173268290328011
-326.833333339102,0.193445612667614
-326.800000005767,0.208039114059009
-326.766666672432,0.216389032478862
-326.733333339097,0.225095802493685
-326.700000005763,0.230915487896223
-326.666666672428,0.228130058821298
-326.633333339093,0.225428079709762
-326.600000005758,0.221146533432648
-326.566666672423,0.214850920880043
-326.533333339089,0.208890566787134
-326.500000005754,0.202161130843089
-326.466666672419,0.194710441321451
-326.433333339084,0.182218827518029
-326.40000000575,0.173526841138444
-326.366666672415,0.168993395735176
-326.33333333908,0.160388838320763
-326.300000005745,0.148252770470445
-326.26666667241,0.140569511989462
-326.233333339076,0.128348910348628
-326.200000005741,0.119148198063633
-326.166666672406,0.112380642443588
-326.133333339071,0.106015983559933
-326.100000005737,0.101136537605011
-326.066666672402,0.0894456427758158
-326.033333339067,0.0820165889735084
-326.000000005732,0.0752837902567208
-325.966666672397,0.0703135470438706
-325.933333339063,0.0645125863341854
-325.900000005728,0.0622980126137638
-325.866666672393,0.0564030237811834
-325.833333339058,0.0561971577409397
-325.800000005724,0.0551741863025846
-325.766666672389,0.0515789238196248
-325.733333339054,0.0485120154658047
-325.700000005719,0.0473617100549791
-325.666666672384,0.0456876505484489
-325.63333333905,0.0469304208706889
-325.600000005715,0.0408183239658522
-325.56666667238,0.0373815837899604
-325.533333339045,0.0348119838504999
-325.50000000571,0.0339691605960308
-325.466666672376,0.0297228279165959
-325.433333339041,0.0253651739808544
-325.400000005706,0.0226568637027093
-325.366666672371,0.0170850446868748
-325.333333339037,0.0149835797481707
-325.300000005702,0.00938940087922635
-325.266666672367,0.00617355905546546
-325.233333339032,0.00622867124032778
-325.200000005697,0.00479400491627913
-325.166666672363,0.00662796662858711
-325.133333339028,0.00601050381586088
-325.100000005693,0.00745907588918537
-325.066666672358,0.0100061750590248
-325.033333339023,0.010162333817367
-325.000000005689,0.0112173647600619
-324.966666672354,0.0108762726531122
-324.933333339019,0.013752549911661
-324.900000005684,0.0118080299951389
-324.86666667235,0.0130196466858363
-324.833333339015,0.0154684094826756
-324.80000000568,0.0108201751169685
-324.766666672345,0.0120998985397307
-324.73333333901,0.0098516791441936
-324.700000005676,0.0118131695206078
-324.666666672341,0.0101228863511288
-324.633333339006,0.00745800955175824
-324.600000005671,0.00263444307882477
-324.566666672337,0.00371081849618615
-324.533333339002,0.00200503271827712
-324.500000005667,-0.00118100940872357
-324.466666672332,-0.00456168764841358
-324.433333338997,-0.00440545097779599
-324.400000005663,-0.00622933869032138
-324.366666672328,-0.00897980051008351
-324.333333338993,-0.00938107493209628
-324.300000005658,-0.00939226888109823
-324.266666672324,-0.0136449535732507
-324.233333338989,-0.0114486580681842
-324.200000005654,-0.0121313263083623
-324.166666672319,-0.0114230582655772
-324.133333338984,-0.00856611881683977
-324.10000000565,-0.00950923622391275
-324.066666672315,-0.00594596932088975
-324.03333333898,-0.00664807565350023
-324.000000005645,-0.00210275092321277
-323.966666672311,0.000483350387957882
-323.933333338976,-7.08003212372965e-05
-323.900000005641,0.00281843260451464
-323.866666672306,0.00584290663796339
-323.833333338971,0.00795863108972461
-323.800000005637,0.00833713012623993
-323.766666672302,0.0075575009203791
-323.733333338967,0.00528897216188307
-323.700000005632,0.00641085205268743
-323.666666672297,0.00359292220486196
-323.633333338963,0.000390237086366763
-323.600000005628,0.0008380383146811
-323.566666672293,-0.00474615871236617
-323.533333338958,-0.00368248457291609
-323.500000005624,-0.00514898832049249
-323.466666672289,-0.00558092590434955
-323.433333338954,-0.00562841354803867
-323.400000005619,-0.00925098699888149
-323.366666672284,-0.00941162605667978
-323.33333333895,-0.00748175578595422
-323.300000005615,-0.00673878683815332
-323.26666667228,-0.0115434275564088
-323.233333338945,-0.00919695934921794
-323.200000005611,-0.0110286025328321
-323.166666672276,-0.00702817708517478
-323.133333338941,-0.00587430356401952
-323.100000005606,-0.0077902444680048
-323.066666672271,-0.0111734385291152
-323.033333338937,-0.0104234033321433
-323.000000005602,-0.0105672413366218
-322.966666672267,-0.0125339747043282
-322.933333338932,-0.017107859048851
-322.900000005597,-0.0171588632720795
-322.866666672263,-0.0187650872600689
-322.833333338928,-0.0177473114832032
-322.800000005593,-0.017044885208135
-322.766666672258,-0.0150467391284672
-322.733333338924,-0.0175812538611124
-322.700000005589,-0.0171547639128565
-322.666666672254,-0.0144110340843595
-322.633333338919,-0.0141413680462982
-322.600000005584,-0.0103954761580703
-322.56666667225,-0.0125930033937521
-322.533333338915,-0.0100353930758148
-322.50000000558,-0.00768458217350743
-322.466666672245,-0.00706057892145218
-322.433333338911,-0.00630329576956457
-322.400000005576,-0.00497490935250777
-322.366666672241,-0.00622896149509644
-322.333333338906,-0.00501648011568911
-322.300000005571,-0.00238902432118515
-322.266666672237,0.0013348285218383
-322.233333338902,0.00137872535645467
-322.200000005567,0.00111223012563133
-322.166666672232,0.00544944971770889
-322.133333338898,0.00303690568200543
-322.100000005563,0.00105953700233041
-322.066666672228,0.00570697997605896
-322.033333338893,0.00316403851956493
-322.000000005558,0.00180469174168618
-321.966666672224,0.00625837196771761
-321.933333338889,0.00341231532798203
-321.900000005554,0.00383509398783866
-321.866666672219,0.00107007530890346
-321.833333338884,0.000753418404505823
-321.80000000555,0.00212303371918898
-321.766666672215,0.00228956816964299
-321.73333333888,0.000488782074154703
-321.700000005545,-0.000616925312204364
-321.666666672211,-0.000221333760000886
-321.633333338876,-8.24845680861275e-05
-321.600000005541,-0.00399361385771047
-321.566666672206,-0.00236520003368668
-321.533333338871,-0.00396661780593177
-321.500000005537,-0.00366946802503554
-321.466666672202,-0.00539525750172121
-321.433333338867,-0.00608763419210001
-321.400000005532,-0.00591402017686582
-321.366666672198,-0.00698316029380819
-321.333333338863,-0.00767680320947839
-321.300000005528,-0.00855618727834251
-321.266666672193,-0.00983629372233519
-321.233333338858,-0.0107343531025708
-321.200000005524,-0.00856939557420233
-321.166666672189,-0.00880723388831306
-321.133333338854,-0.0076854035851921
-321.100000005519,-0.00993174376320083
-321.066666672185,-0.0113688000660556
-321.03333333885,-0.00984563743473466
-321.000000005515,-0.00960529332926507
-320.96666667218,-0.00881045953883619
-320.933333338845,-0.0124179510311916
-320.900000005511,-0.0125669578799629
-320.866666672176,-0.00792562661763097
-320.833333338841,-0.00968134461667947
-320.800000005506,-0.0120159678809899
-320.766666672171,-0.00849784376066964
-320.733333338837,-0.00928284809685276
-320.700000005502,-0.00879463357763477
-320.666666672167,-0.0108805467680128
-320.633333338832,-0.00961640409571485
-320.600000005498,-0.0105688822896833
-320.566666672163,-0.00889813478990553
-320.533333338828,-0.00836745725933463
-320.500000005493,-0.00840587020890704
-320.466666672158,-0.00510669757311477
-320.433333338824,-0.00503729185185631
-320.400000005489,-0.00652387548469213
-320.366666672154,-0.00401431333009783
-320.333333338819,-0.00388663427925739
-320.300000005485,-0.00193405700979776
-320.26666667215,-0.000940181196614764
-320.233333338815,0.000625034533869306
-320.20000000548,-0.00471699663384029
-320.166666672145,-0.00246392174434251
-320.133333338811,-0.00123831005667763
-320.100000005476,-0.00417160987550325
-320.066666672141,-0.00312592753952023
-320.033333338806,-0.00635709895720971
-320.000000005471,-0.0076824388791501
-319.966666672137,-0.0067241410106379
-319.933333338802,-0.0075236546367653
-319.900000005467,-0.00727934959845755
-319.866666672132,-0.00916471692479137
-319.833333338798,-0.011409861100896
-319.800000005463,-0.0124043110994623
-319.766666672128,-0.0109706682697003
-319.733333338793,-0.00745434025338843
-319.700000005458,-0.0120529979468535
-319.666666672124,-0.0102360270725996
-319.633333338789,-0.00979528727832513
-319.600000005454,-0.00822615999110132
-319.566666672119,-0.0100293084189513
-319.533333338785,-0.00946428549709566
-319.50000000545,-0.0115490692959408
-319.466666672115,-0.0102220644514811
-319.43333333878,-0.00832297588295594
-319.400000005445,-0.00800337566809251
-319.366666672111,-0.00802574803494038
-319.333333338776,-0.00677814760431761
-319.300000005441,-0.00889570941930984
-319.266666672106,-0.00582452589720839
-319.233333338772,-0.0064204158805744
-319.200000005437,-0.00888546973080695
-319.166666672102,-0.00421775913535949
-319.133333338767,-0.00697462753700129
-319.100000005432,-0.00480993785283212
-319.066666672098,-0.00479663460553925
-319.033333338763,-0.00492606516022198
-319.000000005428,-0.00600336697079584
-318.966666672093,-0.00268134433541589
-318.933333338758,-0.00567293567929816
-318.900000005424,-0.00573959841957139
-318.866666672089,-0.00364485788702562
-318.833333338754,-0.00799607661570745
-318.800000005419,-0.00806204970727364
-318.766666672085,-0.00597982962574173
-318.73333333875,-0.00623111208377713
-318.700000005415,-0.00839420256405532
-318.66666667208,-0.00718225767113911
-318.633333338745,-0.00619986387387617
-318.600000005411,-0.00804026195739793
-318.566666672076,-0.0061779920898366
-318.533333338741,-0.00407696622009479
-318.500000005406,-0.00487570510547408
-318.466666672072,-0.00238527486938411
-318.433333338737,-0.0017622596726462
-318.400000005402,-0.000139560574051401
-318.366666672067,0.00143814812379861
-318.333333338732,-0.00248163357670872
-318.300000005398,-0.000982894793368772
-318.266666672063,0.00378643208422869
-318.233333338728,0.00102552429161906
-318.200000005393,0.00215604606120778
-318.166666672059,0.00253970960230976
-318.133333338724,-0.00107020260639445
-318.100000005389,-0.00103095085588312
-318.066666672054,-0.00613578370184242
-318.033333338719,-0.0035197584474278
-318.000000005385,-0.00682548387473836
-317.96666667205,-0.00560268622481497
-317.933333338715,-0.00820512508900062
-317.90000000538,-0.00931866866933651
-317.866666672045,-0.0117573187438453
-317.833333338711,-0.0126125257394173
-317.800000005376,-0.0122240287075299
-317.766666672041,-0.0145745708046382
-317.733333338706,-0.0128114875684935
-317.700000005372,-0.0148746922459262
-317.666666672037,-0.0137681213271912
-317.633333338702,-0.0120827476630405
-317.600000005367,-0.0125772986742461
-317.566666672032,-0.0105234252221555
-317.533333338698,-0.0137080790599222
-317.500000005363,-0.0113684952409541
-317.466666672028,-0.0108889196122789
-317.433333338693,-0.00998972039148416
-317.400000005358,-0.00804203353524402
-317.366666672024,-0.0081448872763521
-317.333333338689,-0.00659026149041109
-317.300000005354,-0.00501126420492592
-317.266666672019,-0.00288059112438621
-317.233333338685,-0.00247678737584511
-317.20000000535,-0.00277719601373116
-317.166666672015,-0.00226653790378417
-317.13333333868,0.00109399760817086
-317.100000005345,-0.00520527972936391
-317.066666672011,-0.00201657789222864
-317.033333338676,-7.6661975547121e-05
-317.000000005341,-7.30378576597746e-05
-316.966666672006,-0.000259492884079338
-316.933333338672,-0.000833059255614388
-316.900000005337,-0.00133446466029086
-316.866666672002,-0.000261309381956454
-316.833333338667,-0.00291417123432691
-316.800000005332,-0.00304170196019726
-316.766666671998,-0.000765512252543288
-316.733333338663,0.000896326144690152
-316.700000005328,-0.000340197904020845
-316.666666671993,0.000331784180293671
-316.633333338659,-0.000485034350514724
-316.600000005324,-0.000313382858869948
-316.566666671989,0.00103617490504204
-316.533333338654,0.000589651191650664
-316.500000005319,0.000417141106735186
-316.466666671985,0.000464918398018432
-316.43333333865,-0.000740142389154985
-316.400000005315,-0.00183641570664939
-316.36666667198,-0.00102060770802648
-316.333333338646,0.00163287814191171
-316.300000005311,-0.00193757791591409
-316.266666671976,-0.00321702787902345
-316.233333338641,-0.00393277841537865
-316.200000005306,-0.00519515380605706
-316.166666671972,-0.0073552278090343
-316.133333338637,-0.00655800535517914
-316.100000005302,-0.00883701642578505
-316.066666671967,-0.0105911916578889
-316.033333338632,-0.00735540563150605
-316.000000005298,-0.0104538382008537
-315.966666671963,-0.012322838865208
-315.933333338628,-0.00881169181745001
-315.900000005293,-0.011888501232154
-315.866666671959,-0.0100820058195694
-315.833333338624,-0.0116302383082001
-315.800000005289,-0.00834810753343829
-315.766666671954,-0.00968275838569976
-315.733333338619,-0.00855922577821444
-315.700000005285,-0.00744778089849263
-315.66666667195,-0.00483958572059473
-315.633333338615,-0.00400054221981705
-315.60000000528,-0.00346248707396524
-315.566666671946,-0.00210339752121702
-315.533333338611,-0.00203542974116822
-315.500000005276,0.000120747463839388
-315.466666671941,0.00313367316471547
-315.433333338606,0.000608565865285682
-315.400000005272,-0.00111450941667524
-315.366666671937,0.00332107599983655
-315.333333338602,-3.7903827068031e-05
-315.300000005267,0.00231175383343574
-315.266666671933,0.00369101138190919
-315.233333338598,0.00189103038243499
-315.200000005263,0.00115780852503322
-315.166666671928,0.00146848897039831
-315.133333338593,-0.000405932936211495
-315.100000005259,0.000810350931511938
-315.066666671924,-0.000206824068865741
-315.033333338589,-0.0025102844698538
-315.000000005254,-0.00296940475923502
-314.966666671919,-0.00344174063122571
-314.933333338585,-0.00475686397925668
-314.90000000525,-0.00192306953724941
-314.866666671915,-0.00544329067704452
-314.83333333858,-0.00134154747427606
-314.800000005246,-0.00210853256277577
-314.766666671911,-0.00362863780852873
-314.733333338576,-0.00256275114385796
-314.700000005241,-0.00295977658991398
-314.666666671906,0.00110318343972848
-314.633333338572,-0.000798463212640543
-314.600000005237,0.00116681337065672
-314.566666671902,-0.00234849945784632
-314.533333338567,-0.000312353924443398
-314.500000005232,-0.00117629238206229
-314.466666671898,-0.00205326792428961
-314.433333338563,-0.00479981281304365
-314.400000005228,-0.00358015067707018
-314.366666671893,-0.00744211886128354
-314.333333338559,-0.00406126160928266
-314.300000005224,-0.00999359026277424
-314.266666671889,-0.00878488624170559
-314.233333338554,-0.00767843810722535
-314.200000005219,-0.00647716687889288
-314.166666671885,-0.00743059963509674
-314.13333333855,-0.00992623310792962
-314.100000005215,-0.0114436990042278
-314.06666667188,-0.00803785796459144
-314.033333338546,-0.00781812797235337
-314.000000005211,-0.00968295992483936
-313.966666671876,-0.00659433463320513
-313.933333338541,-0.00639740402036726
-313.900000005206,-0.00525208742388639
-313.866666671872,-0.0032090795066736
-313.833333338537,-0.00497912808578882
-313.800000005202,-0.00407821851791745
-313.766666671867,-0.00386239879213834
-313.733333338533,-0.00156484177662108
-313.700000005198,-0.00195081905207606
-313.666666671863,-0.00215560573163898
-313.633333338528,-0.00274167145195381
-313.600000005193,-0.00416979545905749
-313.566666671859,-0.00112151643718694
-313.533333338524,0.000629984892735136
-313.500000005189,0.00243560747897331
-313.466666671854,-0.000739717196815981
-313.43333333852,0.000572000014139373
-313.400000005185,-0.000168323105308232
-313.36666667185,0.00141864336138298
-313.333333338515,-0.00121224704605527
-313.30000000518,-0.00144080832839855
-313.266666671846,-0.00191798875033544
-313.233333338511,-0.000811120681691979
-313.200000005176,0.000795500409249361
-313.166666671841,0.000183096173228203
-313.133333338506,7.42333460677091e-05
-313.100000005172,-0.00126324637726805
-313.066666671837,0.000322174327364144
-313.033333338502,-0.00104704272314626
-313.000000005167,0.00250296212082679
-312.966666671833,0.00328011382910942
-312.933333338498,0.00393893310489912
-312.900000005163,0.00669490449304999
-312.866666671828,0.00608441871766408
-312.833333338493,0.00522111291325644
-312.800000005159,0.00465282300697667
-312.766666671824,0.00451377910748385
-312.733333338489,0.00310542662055791
-312.700000005154,0.00286473969794721
-312.66666667182,-0.000147591097658162
-312.633333338485,-0.00316350294427714
-312.60000000515,-0.00368482864313413
-312.566666671815,-0.00340423386495947
-312.53333333848,-0.00422992582335524
-312.500000005146,-0.00883363487687361
-312.466666671811,-0.00696045002857926
-312.433333338476,-0.00807947158169298
-312.400000005141,-0.00750359514523191
-312.366666671806,-0.00908018235107433
-312.333333338472,-0.00723713097673562
-312.300000005137,-0.0121570419218929
-312.266666671802,-0.00982229905548504
-312.233333338467,-0.00897046943034729
-312.200000005133,-0.00766348153450791
-312.166666671798,-0.00580898444472755
-312.133333338463,-0.00592016758365854
-312.100000005128,-0.00394809993203005
-312.066666671793,-0.00471233252304903
-312.033333338459,-0.00075725345405353
-312.000000005124,-0.00032706811686134
-311.966666671789,-0.000652316775569206
-311.933333338454,0.00297346661493259
-311.90000000512,0.00376141671314156
-311.866666671785,-0.000149078264834235
-311.83333333845,0.00478324477369818
-311.800000005115,0.00352194680348417
-311.76666667178,0.00615837174795808
-311.733333338446,0.00287478265976704
-311.700000005111,0.00150998827728643
-311.666666671776,0.000957906914603956
-311.633333338441,0.000485942323420918
-311.600000005106,-0.000298840296254377
-311.566666671772,-0.000810999349695085
-311.533333338437,-0.000414122917683168
-311.500000005102,-0.00197803038872735
-311.466666671767,7.77662387430045e-06
-311.433333338433,-0.00240359167129522
-311.400000005098,-0.00290808462668535
-311.366666671763,-0.000393931547370774
-311.333333338428,0.000961932621799333
-311.300000005093,0.00176672571574976
-311.266666671759,-0.00135804106760473
-311.233333338424,0.00208507638891431
-311.200000005089,0.00262436819237355
-311.166666671754,0.00541582633356941
-311.13333333842,0.00637101023696474
-311.100000005085,0.00502054104815919
-311.06666667175,0.00445262413319802
-311.033333338415,0.00215050971827713
-311.00000000508,0.00296859867247123
-310.966666671746,0.000731641189481658
-310.933333338411,-0.00185337766383442
-310.900000005076,-0.00470292095329383
-310.866666671741,-0.00499521514542289
-310.833333338407,-0.00672668882808192
-310.800000005072,-0.00662486481271374
-310.766666671737,-0.0119025708389779
-310.733333338402,-0.0128141629737604
-310.700000005067,-0.0111735244198846
-310.666666671733,-0.013834017901153
-310.633333338398,-0.0130090429407126
-310.600000005063,-0.0111167023092263
-310.566666671728,-0.00953692442388543
-310.533333338394,-0.00888353336937298
-310.500000005059,-0.00842882190857597
-310.466666671724,-0.00442020041812374
-310.433333338389,-0.00498892807255813
-310.400000005054,-0.00421667411968507
-310.36666667172,-0.00382253665776289
-310.333333338385,-0.00214833505816125
-310.30000000505,-0.000648364076429653
-310.266666671715,-0.000342501758440528
-310.23333333838,-0.00316655112459341
-310.200000005046,0.00107429700226058
-310.166666671711,-0.00137613535152037
-310.133333338376,0.00149491049658268
-310.100000005041,0.00158924892448242
-310.066666671707,0.00568664436120281
-310.033333338372,0.000588048958128362
-310.000000005037,0.00110021290524165
-309.966666671702,0.000390549882936297
-309.933333338367,-0.00200615188019293
-309.900000005033,-0.00440492243520396
-309.866666671698,-0.00250105201731043
-309.833333338363,-0.00275656059286
-309.800000005028,-0.00399311900527743
-309.766666671694,-0.000731511583270672
-309.733333338359,-0.00210938721458465
-309.700000005024,-0.0030919676962331
-309.666666671689,-0.00369480434746394
-309.633333338354,-0.00203731158366327
-309.60000000502,0.000502532644203746
-309.566666671685,-0.000652968115166352
-309.53333333835,-0.00111897238184111
-309.500000005015,0.000297611237856099
-309.46666667168,0.00186722739910306
-309.433333338346,0.000441742858436234
-309.400000005011,0.00325764784082871
-309.366666671676,0.00235333983849639
-309.333333338341,0.0067220887979853
-309.300000005007,0.00153774953252883
-309.266666671672,0.000713562646456833
-309.233333338337,-0.00208087722499539
-309.200000005002,0.00194295698295088
-309.166666671667,0.00283044663450593
-309.133333338333,0.00145762685064987
-309.100000004998,-0.000352371108274352
-309.066666671663,0.000967816445892611
-309.033333338328,-0.00276780656744713
-309.000000004994,-0.00152177948201326
-308.966666671659,-0.00453873386149051
-308.933333338324,-0.00640488835536779
-308.900000004989,-0.00496641606430548
-308.866666671654,-0.00310635788162839
-308.83333333832,-0.00691124170941659
-308.800000004985,-0.0073872896991477
-308.76666667165,-0.00618634393171813
-308.733333338315,-0.00458116207002501
-308.70000000498,-0.00578172155248968
-308.666666671646,-0.00732187089476566
-308.633333338311,-0.00319286214764525
-308.600000004976,-0.00537768500582292
-308.566666671641,-0.00363954427103885
-308.533333338307,-0.00440233864103079
-308.500000004972,-0.00318460884636307
-308.466666671637,-0.00284805716513792
-308.433333338302,-0.000559337418116979
-308.400000004967,-0.00296326250596679
-308.366666671633,-0.0020796410345213
-308.333333338298,-0.0028006976159124
-308.300000004963,-0.00137584263312984
-308.266666671628,-0.00120152218738068
-308.233333338294,-0.000790734569200202
-308.200000004959,-0.0016527172188584
-308.166666671624,-0.00225174760097824
-308.133333338289,-0.00310726480417245
-308.100000004954,-0.00075784380667443
-308.06666667162,-0.00431180437074896
-308.033333338285,-0.00420377695147511
-308.00000000495,-0.00354439056472855
-307.966666671615,-0.00235616524090576
-307.933333338281,-0.00491604125395129
-307.900000004946,-0.00405949258707983
-307.866666671611,-0.00355651200852569
-307.833333338276,-0.00159797116392835
-307.800000004941,-0.00382406841853644
-307.766666671607,0.000835527705044359
-307.733333338272,-0.00135984005750966
-307.700000004937,0.00195688862528909
-307.666666671602,0.00126660397490863
-307.633333338268,0.000574323499217377
-307.600000004933,0.00232701726092099
-307.566666671598,0.00153150204850361
-307.533333338263,0.00489370302370429
-307.500000004928,0.00248189929651188
-307.466666671594,-0.0019183544779412
-307.433333338259,-0.000637012547136773
-307.400000004924,-0.00199682546560098
-307.366666671589,-0.00191966245134356
-307.333333338254,-0.00175503909700825
-307.30000000492,-0.00495577914877632
-307.266666671585,-0.00688285362540397
-307.23333333825,-0.00680566541096572
-307.200000004915,-0.00672111568992695
-307.166666671581,-0.00920438604443341
-307.133333338246,-0.00864982686361249
-307.100000004911,-0.00760264610893824
-307.066666671576,-0.0109693413539628
-307.033333338241,-0.0079254996610636
-307.000000004907,-0.00896718249478134
-306.966666671572,-0.00768496781501093
-306.933333338237,-0.00896856051524786
-306.900000004902,-0.00800204145542194
-306.866666671567,-0.00791923303466358
-306.833333338233,-0.00631354769700287
-306.800000004898,-0.00665832388877796
-306.766666671563,-0.00777429893533832
-306.733333338228,-0.00723405770554975
-306.700000004894,-0.00482933653682338
-306.666666671559,-0.00870151847472433
-306.633333338224,-0.00754858451289142
-306.600000004889,-0.00653886713346119
-306.566666671554,-0.0062762529659377
-306.53333333822,-0.00691582547162184
-306.500000004885,-0.00383543780630069
-306.46666667155,-0.00547878983746919
-306.433333338215,-0.0061077333878411
-306.400000004881,-0.00519127630691807
-306.366666671546,-0.00389625881637168
-306.333333338211,-0.004169352984571
-306.300000004876,-0.00279105518102674
-306.266666671541,-0.000672178859794759
-306.233333338207,0.000292081752153894
-306.200000004872,0.00169805285849634
-306.166666671537,-0.00110915561082747
-306.133333338202,-0.00119702658786169
-306.100000004868,-0.0016786856562756
-306.066666671533,-0.000245359636619535
-306.033333338198,0.0025244752212773
-306.000000004863,0.000972600851601779
-305.966666671528,-0.00131757194181514
-305.933333338194,0.0017513524009215
-305.900000004859,0.00173051120066414
-305.866666671524,-0.00121969779681796
-305.833333338189,-0.00472207811768044
-305.800000004854,-0.00102267602642336
-305.76666667152,-0.00341009023987815
-305.733333338185,-0.00343428515063959
-305.70000000485,-0.00452070787001879
-305.666666671515,-0.00670436186029733
-305.633333338181,-0.00773034366520231
-305.600000004846,-0.00604738713009745
-305.566666671511,-0.00566236317568003
-305.533333338176,-0.00792399539991817
-305.500000004841,-0.00718300603794852
-305.466666671507,-0.006111610860428
-305.433333338172,-0.0086212711428304
-305.400000004837,-0.00747304342762589
-305.366666671502,-0.00496545235105195
-305.333333338168,-0.00649732262135549
-305.300000004833,-0.00425442718486002
-305.266666671498,-0.00639057602906379
-305.233333338163,-0.00726881900271248
-305.200000004828,-0.00512654229117437
-305.166666671494,-0.00809626397100327
-305.133333338159,-0.00906736370856753
-305.100000004824,-0.0063474681531146
-305.066666671489,-0.00596732496817198
-305.033333338155,-0.00648432487816497
-305.00000000482,-0.00600245309994751
-304.966666671485,-0.00566536329097878
-304.93333333815,-0.0036633626492959
-304.900000004815,-0.00159495548265176
-304.866666671481,-0.00308117425999443
-304.833333338146,-0.00250351273637661
-304.800000004811,-0.00223428032693196
-304.766666671476,-0.00361788544629771
-304.733333338142,-0.00470669546236069
-304.700000004807,-0.00370567282118972
-304.666666671472,-0.00459437835109833
-304.633333338137,-0.000793452746422063
-304.600000004802,-0.00500229004022557
-304.566666671468,-0.00407567194165981
-304.533333338133,-0.00450631677105962
-304.500000004798,-0.00448846458325292
-304.466666671463,-0.00332016148785097
-304.433333338128,-0.00643206143000308
-304.400000004794,-0.00408370394050894
-304.366666671459,-0.00544559159918823
-304.333333338124,-0.00416449412786479
-304.300000004789,-0.00276791210139826
-304.266666671455,-0.00364956770844804
-304.23333333812,0.000547423743538444
-304.200000004785,0.000305379202344969
-304.16666667145,0.000222194003656528
-304.133333338115,0.00217622352937485
-304.100000004781,0.00111343498710104
-304.066666671446,0.00349686196642829
-304.033333338111,0.00580410115555252
-304.000000004776,0.00941898612921455
-303.966666671441,0.00805965393984331
-303.933333338107,0.00778952628162499
-303.900000004772,0.0108131691073667
-303.866666671437,0.00941379533230369
-303.833333338102,0.00977529985308856
-303.800000004768,0.0152476584022057
-303.766666671433,0.0157159444528031
-303.733333338098,0.0162320713311723
-303.700000004763,0.0205048289648035
-303.666666671428,0.019257705174808
-303.633333338094,0.0180400592283515
-303.600000004759,0.0166390610190686
-303.566666671424,0.013682813525474
-303.533333338089,0.0107529865763839
-303.500000004755,0.00808094164212758
-303.46666667142,0.00185085644307303
-303.433333338085,-0.00472185574379091
-303.40000000475,-0.00929581480065844
-303.366666671415,-0.0104891700605195
-303.333333338081,-0.01989264341234
-303.300000004746,-0.0237559668696139
-303.266666671411,-0.0243899012148473
-303.233333338076,-0.0302934872961951
-303.200000004742,-0.0347079500129295
-303.166666671407,-0.0352513297389985
-303.133333338072,-0.0379522005477343
-303.100000004737,-0.0357983129759651
-303.066666671402,-0.034431570358383
-303.033333338068,-0.0313164404169081
-303.000000004733,-0.0325449326485217
-302.966666671398,-0.0260788814189677
-302.933333338063,-0.0243157439121512
-302.900000004728,-0.0201712862742812
-302.866666671394,-0.0162883890996399
-302.833333338059,-0.0143685715614861
-302.800000004724,-0.00917007390548996
-302.766666671389,-0.00549681261719082
-302.733333338055,-0.00323794854269821
-302.70000000472,-0.00295882773907008
-302.666666671385,-0.00116557717903676
-302.63333333805,0.00193482030491243
-302.600000004715,0.00394887703681368
-302.566666671381,0.00551980874304048
-302.533333338046,0.00617748328238676
-302.500000004711,0.00595185119210762
-302.466666671376,0.0091113459154436
-302.433333338042,0.00906398858605795
-302.400000004707,0.00736219974071894
-302.366666671372,0.008823971831452
-302.333333338037,0.0100076460207736
-302.300000004702,0.00787533817964614
-302.266666671368,0.00809412814619526
-302.233333338033,0.00707312428494999
-302.200000004698,0.00568819636541495
-302.166666671363,0.00344352034468498
-302.133333338029,0.00531310091704651
-302.100000004694,0.00771123681083674
-302.066666671359,0.00420113700192726
-302.033333338024,0.00528714740260583
-302.000000004689,0.00317354292310712
-301.966666671355,0.00190618614541116
-301.93333333802,0.000323396253017805
-301.900000004685,0.000129980898908588
-301.86666667135,-0.000800183692895584
-301.833333338015,0.000511729801320082
-301.800000004681,-0.000968072470027059
-301.766666671346,-0.00434675392227291
-301.733333338011,-0.00157009683010723
-301.700000004676,0.00169665002965969
-301.666666671342,-0.00336267233858656
-301.633333338007,-0.00106875735265111
-301.600000004672,-0.000591017560624185
-301.566666671337,-0.00120978945852912
-301.533333338002,-0.00279211658424505
-301.500000004668,-0.00422546210964181
-301.466666671333,-0.00149577097901288
-301.433333337998,-0.00175761658784912
-301.400000004663,-0.00137862213002427
-301.366666671329,-0.00348018151537055
-301.333333337994,0.00076956941480244
-301.300000004659,-0.00268881822269429
-301.266666671324,-0.00176882985046811
-301.233333337989,-0.00254577950389645
-301.200000004655,-0.000500631389770967
-301.16666667132,-0.000667273388501921
-301.133333337985,-0.00072475960051932
-301.10000000465,0.000726894374736831
-301.066666671315,0.00208409533554899
-301.033333337981,0.00394008363756504
-301.000000004646,0.00337689543175235
-300.966666671311,0.00490889073190448
-300.933333337976,0.00308261847575197
-300.900000004642,0.00703459355531455
-300.866666671307,0.00458193877488733
-300.833333337972,0.0073698726635163
-300.800000004637,0.00544086283531364
-300.766666671302,0.007540989872038
-300.733333337968,0.00594086443852271
-300.700000004633,0.00741243195252639
-300.666666671298,0.00665128114126001
-300.633333337963,0.00579138422517667
-300.600000004629,0.0053923930489489
-300.566666671294,0.00474879478639145
-300.533333337959,0.00309771947868687
-300.500000004624,0.00403032748764798
-300.466666671289,0.00482438195544865
-300.433333337955,0.002581202550901
-300.40000000462,-0.00072752743710347
-300.366666671285,-0.000167684185144346
-300.33333333795,0.00320980189233577
-300.300000004616,0.00167891840376988
-300.266666671281,0.00057288579828374
-300.233333337946,0.00168689775481545
-300.200000004611,-0.00208614263435569
-300.166666671276,-1.62177169684696e-05
-300.133333337942,0.000205186887847097
-300.100000004607,0.00135481992976716
-300.066666671272,-0.00141566909823021
-300.033333337937,-0.00177228252253792
-300.000000004602,-0.00113660771235602
-299.966666671268,0.00113228577914415
-299.933333337933,0.000441747223619227
-299.900000004598,-0.000338406857741558
-299.866666671263,0.00231356524823068
-299.833333337929,0.00304847399785646
-299.800000004594,0.000228289876459065
-299.766666671259,0.00016115722386878
-299.733333337924,0.00282545410693058
-299.700000004589,-0.00352905272016346
-299.666666671255,-0.00308059102809077
-299.63333333792,-0.00221108918226365
-299.600000004585,-0.00139808945590869
-299.56666667125,-0.000352028724399545
-299.533333337916,-0.000318794810451717
-299.500000004581,-0.000193802883035277
-299.466666671246,-0.00243686585954717
-299.433333337911,-0.000973037283440115
-299.400000004576,-0.000577600606739725
-299.366666671242,-0.00247986682818224
-299.333333337907,-0.00234302045983215
-299.300000004572,-0.000286039192324061
-299.266666671237,0.000889234014919693
-299.233333337903,0.0023062936444056
-299.200000004568,0.000810800094477537
-299.166666671233,0.00290682640465567
-299.133333337898,0.00272772442830471
-299.100000004563,0.00240610413429687
-299.066666671229,0.00249330493416688
-299.033333337894,0.00215837556249532
-299.000000004559,0.00342484465230819
-298.966666671224,0.00531318094769018
-298.933333337889,0.00366258736160707
-298.900000004555,0.00156147619437497
-298.86666667122,0.00448509359803251
-298.833333337885,0.000863299651875371
-298.80000000455,0.00104641001682027
-298.766666671216,-0.000312080587723695
-298.733333337881,-0.00223481584672569
-298.700000004546,-0.00238813300298268
-298.666666671211,-0.0046989977140911
-298.633333337876,-0.00497861912306063
-298.600000004542,-0.00307277315234589
-298.566666671207,-0.00194911941994202
-298.533333337872,-0.00303576008849871
-298.500000004537,-0.00232381131636483
-298.466666671203,-0.00234202482781132
-298.433333337868,-0.000476248035645721
-298.400000004533,-0.00245204938271948
-298.366666671198,-0.000957871163139168
-298.333333337863,0.00260350507060869
-298.300000004529,-0.00284492613964127
-298.266666671194,-0.000658990306028229
-298.233333337859,-0.00212827224043866
-298.200000004524,-0.00368797164862089
-298.166666671189,-0.000881296253968267
-298.133333337855,-0.00120391593988101
-298.10000000452,-0.00353644676336928
-298.066666671185,-0.00398957740889216
-298.03333333785,-0.00302737851532497
-298.000000004516,-0.00427293394179429
-297.966666671181,-0.00793242417686491
-297.933333337846,-0.00686182695173998
-297.900000004511,-0.00759509862623731
-297.866666671176,-0.0101467846379746
-297.833333337842,-0.00936926619988954
-297.800000004507,-0.0104113536994014
-297.766666671172,-0.0101449198789347
-297.733333337837,-0.00836798799407912
-297.700000004503,-0.00737830723275334
-297.666666671168,-0.0057328020927111
-297.633333337833,-0.0085266946377498
-297.600000004498,-0.00809153279737174
-297.566666671163,-0.0073562676258252
-297.533333337829,-0.0056687095256942
-297.500000004494,-0.00266880627551125
-297.466666671159,-0.00417546871995156
-297.433333337824,-0.00560444912892943
-297.40000000449,-0.00388474934668059
-297.366666671155,-0.00251803968099262
-297.33333333782,-0.00177289601752162
-297.300000004485,-0.000881860074384178
-297.26666667115,0.000281233845652484
-297.233333337816,-0.00349648415266957
-297.200000004481,-0.00292384572994597
-297.166666671146,-0.000315079212563796
-297.133333337811,-0.00125324807979155
-297.100000004476,-0.00239634371031971
-297.066666671142,-0.00191878055723915
-297.033333337807,-0.00156187887048331
-297.000000004472,-8.76854820837103e-05
-296.966666671137,-0.00205473927068278
-296.933333337803,-0.00179468469274413
-296.900000004468,0.00193790352652379
-296.866666671133,0.00275621719848629
-296.833333337798,0.00139594796149178
-296.800000004463,0.00409496869585935
-296.766666671129,-0.000619669232503894
-296.733333337794,0.00243202503486084
-296.700000004459,0.00342420508510211
-296.666666671124,0.00136185020313873
-296.63333333779,0.0026881497554605
-296.600000004455,0.0025670970317947
-296.56666667112,0.00413354060793947
-296.533333337785,0.0053002408583962
-296.50000000445,0.0035321236568896
-296.466666671116,0.00474677999292805
-296.433333337781,0.0020776838935499
-296.400000004446,0.00484529835090353
-296.366666671111,0.00421783070679438
-296.333333337776,0.00115178845387542
-296.300000004442,0.0020434529294191
-296.266666671107,0.00272753253976543
-296.233333337772,0.0026556766169048
-296.200000004437,0.00392991333160631
-296.166666671103,0.00499671431193072
-296.133333337768,0.00217199192461814
-296.100000004433,0.00459871427233471
-296.066666671098,0.00553163136287205
-296.033333337763,0.00565460543781193
-296.000000004429,0.00383356975704385
-295.966666671094,0.00462086539961371
-295.933333337759,0.00562671042848883
-295.900000004424,0.00537775148005559
-295.86666667109,0.00516581599240207
-295.833333337755,0.0073713792320097
-295.80000000442,0.00768517420216408
-295.766666671085,0.00954883210165958
-295.73333333775,0.00751957269160453
-295.700000004416,0.00990575015158413
-295.666666671081,0.0121938000048775
-295.633333337746,0.0115465709962029
-295.600000004411,0.012262801766545
-295.566666671077,0.00964687930650676
-295.533333337742,0.0115163189044049
-295.500000004407,0.013457234607598
-295.466666671072,0.0125597751224935
-295.433333337737,0.0148853722122669
-295.400000004403,0.0116180348111024
-295.366666671068,0.0109744231995528
-295.333333337733,0.00994760347290602
-295.300000004398,0.00983190047124582
-295.266666671063,0.0104537380784704
-295.233333337729,0.00896254186466316
-295.200000004394,0.00896591461384988
-295.166666671059,0.00641873671394588
-295.133333337724,0.00765621082294488
-295.10000000439,0.00648642102820451
-295.066666671055,0.00561059505876482
-295.03333333772,0.00640120462094396
-295.000000004385,0.00736032627590821
-294.96666667105,0.00469326115834734
-294.933333337716,0.00264952312072175
-294.900000004381,0.00569057419231267
-294.866666671046,0.00313428609765909
-294.833333337711,0.0046848947468715
-294.800000004377,0.00208298443084498
-294.766666671042,0.00486724479702494
-294.733333337707,0.00283804571680213
-294.700000004372,0.00429065821468988
-294.666666671037,0.00364695896156741
-294.633333337703,0.00272429556481524
-294.600000004368,0.000535416358167562
-294.566666671033,-0.00123750092931152
-294.533333337698,-0.00295992129808187
-294.500000004364,-0.00147467238432419
-294.466666671029,-0.00156360348767492
-294.433333337694,-0.00405214160478751
-294.400000004359,-0.00401946455678281
-294.366666671024,0.000329824361894993
-294.33333333769,-0.000312726368142058
-294.300000004355,0.000685565927141862
-294.26666667102,-0.0030173697658189
-294.233333337685,-0.00151120500729529
-294.20000000435,-0.000678875256320599
-294.166666671016,0.0013590815745973
-294.133333337681,-0.000240965110193669
-294.100000004346,-0.00101495944241037
-294.066666671011,0.00118643539436758
-294.033333337677,0.00103226421782288
-294.000000004342,-0.000712737901363725
-293.966666671007,0.000467797861121166
-293.933333337672,0.00026909189874702
-293.900000004337,-0.00108126739736336
-293.866666671003,0.000727426343387294
-293.833333337668,-0.00152887215998043
-293.800000004333,-0.00150473215018165
-293.766666670998,-0.00104618593090111
-293.733333337664,0.000798768437219932
-293.700000004329,0.000999429072048641
-293.666666670994,0.000348008755033713
-293.633333337659,8.14841792561305e-05
-293.600000004324,0.00167526993319733
-293.56666667099,0.00308074594100549
-293.533333337655,-0.00144838021688953
-293.50000000432,-0.00141524858610065
-293.466666670985,-0.00105461618661695
-293.43333333765,0.00102605700829972
-293.400000004316,-0.000227071384516053
-293.366666670981,0.00013713264112647
-293.333333337646,-0.00269892602722288
-293.300000004311,-0.00085152017568968
-293.266666670977,-0.000733427260460773
-293.233333337642,0.000204664379067521
-293.200000004307,0.00257004120115034
-293.166666670972,-0.00025292097124574
-293.133333337637,-0.00132135728914839
-293.100000004303,0.0030500316684402
-293.066666670968,0.00177356774243753
-293.033333337633,-0.00103844297101052
-293.000000004298,-0.00084730187070492
-292.966666670964,0.00111425107661589
-292.933333337629,0.00118227681762462
-292.900000004294,0.00152318319744937
-292.866666670959,-0.00250852000674961
-292.833333337624,-0.00235238653507219
-292.80000000429,0.000345494636890598
-292.766666670955,0.000796417550477546
-292.73333333762,0.00139838710665585
-292.700000004285,-0.00108610622694527
-292.666666670951,-0.00151707551089297
-292.633333337616,-0.000782221369653668
-292.600000004281,-0.00280628579020947
-292.566666670946,-0.00352227777389857
-292.533333337611,-0.00351967492368999
-292.500000004277,-0.00312476433894393
-292.466666670942,-0.00245238374828571
-292.433333337607,-0.00421605925373936
-292.400000004272,-0.00329045988226151
-292.366666670937,-0.00155784750759236
-292.333333337603,-0.00423164856413749
-292.300000004268,-0.002870472932334
-292.266666670933,8.95185501281759e-08
-292.233333337598,-0.00259084264716236
-292.200000004264,-0.00238240168461867
-292.166666670929,-0.00151440316351958
-292.133333337594,-0.00176337367652279
-292.100000004259,-0.0016106628102629
-292.066666670924,0.000507440051248365
-292.03333333759,0.0022003825477146
-292.000000004255,0.00383582722236908
-291.96666667092,0.00209245367146982
-291.933333337585,0.00497607375145404
-291.900000004251,0.00614958159834178
-291.866666670916,0.00476544202026863
-291.833333337581,0.00494617480081072
-291.800000004246,0.00628729962359786
-291.766666670911,0.00770761484987714
-291.733333337577,0.00367825549991274
-291.700000004242,0.00547510967125242
-291.666666670907,0.00500721476875587
-291.633333337572,0.00593791572336844
-291.600000004238,0.00184564727171688
-291.566666670903,0.00472701082878035
-291.533333337568,0.00103343888159646
-291.500000004233,0.00264128957712739
-291.466666670898,0.00325132365349234
-291.433333337564,0.00152868508929216
-291.400000004229,0.0036269782724424
-291.366666670894,0.00632422133426891
-291.333333337559,0.00619698112044287
-291.300000004224,0.00282021904464125
-291.26666667089,0.00534379485813308
-291.233333337555,0.00422629480190606
-291.20000000422,0.00432320806872899
-291.166666670885,0.00518056395988764
-291.133333337551,0.00825806589807754
-291.100000004216,0.00591138822939219
-291.066666670881,0.00643187458423433
-291.033333337546,0.00254704498527625
-291.000000004211,0.0020869969153775
-290.966666670877,0.00225881881622858
-290.933333337542,0.00159429535231181
-290.900000004207,0.000348095710728469
-290.866666670872,-0.00158192191700923
-290.833333337538,0.00241162998085276
-290.800000004203,-0.00166630378055288
-290.766666670868,-0.00209452320429604
-290.733333337533,-0.00242126622537453
-290.700000004198,-0.00334906047904204
-290.666666670864,-0.0017585746175155
-290.633333337529,-0.00325487109372724
-290.600000004194,-0.00295751663320987
-290.566666670859,-0.000918548559485921
-290.533333337524,-0.00105343546856851
-290.50000000419,-0.00172042297544683
-290.466666670855,-0.00175040214967592
-290.43333333752,-0.00111882346183778
-290.400000004185,-0.00392449699104691
-290.366666670851,0.000306615450253234
-290.333333337516,-0.00078303341928232
-290.300000004181,-0.000578797893914018
-290.266666670846,0.000392162757854919
-290.233333337511,0.000847404332644852
-290.200000004177,-0.00355657039595092
-290.166666670842,-0.00103716021023725
