Force
-1.51674894425364
-1.52636216633145
-1.50404242667873
-1.50565367932787
-1.51640600448045
-1.38833915105727
-2.48686836535246
-3.39145814864731
-3.31679946403764
-3.32531963835569
-3.52777743242902
-3.52911527039661
-3.89321317206231
-3.6620868709349
-4.04887654427695
-4.08481658376012
-4.35651470216574
-4.66430333897196
-5.33369431830553
-5.54474296927151
-5.6219670510876
-5.88187078083849
-6.13890716468156
-6.00672811762552
-6.2557133109027
-6.34028945123669
-6.52941221562346
-6.55026183807867
-6.61994653540866
-6.78664278369653
-6.76072700518989
-6.80044630831573
-6.88876864216372
-6.91353396989006
-6.91239745174873
-6.91677574031342
-6.94963488716355
-6.9331015148388
-6.94655716666016
-6.95652035875212
-6.94195882733766
-6.99118392835484
-6.96029644834856
-6.94481469499575
-6.99154096671266
-6.94609590754027
-6.96820342462629
-6.97411616162033
-6.94967050679511
-6.93688485064006
-6.96966920720617
-6.97379261016691
-6.98533665774662
-6.9810530981874
-6.94228403335738
-6.97018273586544
-6.97528246033097
-6.95360116468475
-7.00431440377059
-6.95916737092165
-7.01245778792757
-6.9753956534079
-6.98106083018375
-6.97995932222226
-6.99011150578916
-6.97755271332503
-6.97943905139999
-6.98446083049271
-6.99517471946232
-6.98480439672711
-6.99735784867195
-6.9972300079564
-6.97816241214557
-6.99623625937132
-7.00353634633062
-6.97351619625026
-6.99054630883989
-6.99241841768331
-6.99834143830247
-6.99693166381297
-7.00591403097946
-6.99363915773911
-6.99549357861149
-6.98741709561257
-6.9844089422535
-7.01991785286366
-6.99081644234736
-6.9960047316039
-6.9809065840508
-6.95804378515288
-6.99585592138187
-6.97190806935717
-7.02516433925907
-6.96656857215373
-7.01167986440255
-7.00141173790334
-6.99543461471422
-6.9792378494347
-6.98483091481165
-6.96396044487993
-6.98718272172529
-6.9906818156128
-7.0104802421663
-6.96747966472903
-6.96836840118383
-6.96323615372744
-6.94978828428657
-6.99275992360087
-6.99686309677644
-6.98052184060426
-7.00010836081595
-6.99930400770374
-6.99620817960918
-7.00504476397743
-7.0175379540269
-6.98491286597655
-6.96856652194596
-6.98672171849217
-6.98094445805411
-6.95839630919255
-6.9923796112578
-6.99135303451402
-6.9969742356314
-6.98407113770731
-6.98118492116244
-6.98499703962951
-6.99390012068687
-7.0098095670675
-7.0143680440125
-7.00067149399794
-7.00894795651844
-6.97355962644894
-7.00040435909578
-7.01280418115393
-6.97498271542703
-6.99233441654497
-6.97473746223456
-7.00874646700342
-6.93499339975128
-6.97667652461386
-6.95901133255858
-6.98656874880735
-6.94532109383081
-6.9949064661359
-6.9896250035288
-6.98356590521496
-6.94217921083191
-6.96328062947401
-6.99679321494154
-6.98854037911045
-6.98592311523443
-6.97582893396694
-6.99427504403688
-6.96948131305683
-7.0092406948204
-6.979633738983
-7.00989048073238
-7.01584551003803
-7.02855524966399
-7.02175464445034
-6.99576389007781
-7.0032238032134
-7.00693416982725
-6.98827985294059
-7.00848239970617
-6.98911422276613
-7.00792549734834
-7.00421702134143
-6.97344604470829
-6.98577413081815
-7.01379901440326
-6.99123231855759
-7.00843413909939
-7.00098380357382
-6.97823303723594
-6.98827720868669
-7.01276449041894
-6.98349775387017
-6.99662765883642
-6.99822697165245
-6.98916023109121
-7.01003442544771
-6.96150107354717
-6.96712100638162
-6.98682778876201
-6.94565458629579
-6.97193220726391
-6.998939460024
-6.99711700491713
-6.99952229819301
-7.02172702507329
-6.99715253798232
-6.99771024949854
-7.00695830862098
-7.0093098977728
-6.97492666801576
-6.98035834042562
-7.00174853874818
-6.98248373364795
-6.99988467428067
-6.99349584189112
-6.9991590545533
-6.97668188790264
-6.97948207457972
-6.97545344541371
-7.02369974335219
-6.95948741099015
-7.0165342227052
-6.99369717907497
-6.96400045642052
-6.98578434894892
-6.96980185288089
-7.00375093689117
-7.00274996209044
-7.00171262604809
-6.9959621243274
-6.98618124200012
-7.0016890948465
-7.00800793908785
-6.96065303165355
-6.95349210046465
-6.99671605013579
-6.98403831513255
-7.00520730760506
-6.98449135846559
-6.99235167119474
-6.96134875795411
-6.97702020822264
-6.9891777532013
-6.97944623896247
-6.98697827416206
-6.98446641579025
-7.02410388462865
-6.98942812042757
-7.00547935774703
-6.99867659213742
-6.99363038306842
-7.01425451452896
-6.99399277167041
-7.01144878583244
-7.01216165414696
-6.99738737526614
-7.01655621613454
-6.9941140436635
-7.02343352708953
-7.01145258501884
-6.98370618000909
-7.01299886709928
-7.01324693923814
-6.988088581049
-7.01680687977747
-6.98443476324992
-6.99696276897627
-6.99337693559161
-6.99483788536411
-7.00778547154304
-7.01371465307901
-7.02458429702295
-7.01382806137826
-6.98129023747285
-7.00124515969816
-6.98987813867881
-7.00695602028561
-7.00329777271826
-7.00426338058627
-7.00735943649177
-6.98234400488494
-7.00255946852088
-6.98724746848311
-7.01595821613419
-6.99197076845686
-6.97977416860109
-7.01567736936668
-6.99848643895901
-7.00053279245315
-6.99932130312791
-6.99388095073207
-7.01566921590323
-7.00851992189605
-7.00059648391146
-6.99082522015595
-6.99694358384304
