Force
-1.30500547115436
0
-1.30914469971051
-1.29505242117941
-1.29250745895093
-1.30678128325083
-1.30866469724217
-1.89874650052982
-2.97860461416093
-2.96390640320127
-3.44551431078485
-3.64725836693186
-3.71502357553233
-3.53251473862581
-3.33699788250168
-3.91268962218621
-3.88913176560964
-4.3345256132604
-4.66655855663469
-4.84027996329128
-5.18946287015333
-5.60682090352172
-5.79549419962352
-5.96438916543789
-6.06115487450678
-6.29064978713829
-6.27604054210344
-6.50322422338055
-6.63724227070404
-6.69057646306139
-6.742294134286
-6.72380490502778
-6.84826835971572
-6.7984067010094
-6.82268719948825
-6.89215084126806
-6.87318877145872
-6.90044152721703
-6.93213192712967
-6.92179429340145
-6.96677407229251
-6.93066395649095
-6.96284189023135
-7.00365614670045
-6.94882492642371
-6.97483116884866
-7.01271732887008
-6.95436951338433
-6.94003114965251
-6.99220275531803
-6.97396453451906
-6.988959639076
-6.97605728293931
-6.95729748410812
-6.96136669750202
-6.981329957774
-6.9933327422033
-6.95934869640231
-6.98684415661707
-6.95305621499694
-6.96249008064811
-6.99262854707193
-6.99723241519596
-6.96434175569006
-7.01441514896155
-6.99750793587151
-6.94657663896401
-6.97280041960894
-6.96783166418142
-6.98982327297753
-7.00212657222416
-6.99113861082803
-7.01822855295275
-7.00616283480621
-7.00895948670453
-7.00732448979832
-6.99248192534775
-7.00045827752646
-6.9961529804278
-7.02023457871889
-6.97219349986632
-6.94790709977235
-7.00502691236799
-6.97958245675838
-7.01556774794519
-6.99517333060302
-7.02512403839011
-6.96879159420741
-6.9894178057004
-7.00297197867695
-7.00402515990354
-7.02570443776137
-7.01657301613691
-6.99292285025864
-7.01201800640303
-6.99033071754575
-7.00957824455737
-6.9919202929903
-6.99587480610561
-7.00597568816539
-6.98541360371371
-7.02728845550415
-7.0186064702848
-6.96472183963177
-7.02298867223933
-6.99943826056525
-6.99233083039355
-7.0126632236468
-6.99136576058559
-6.99143075793607
-7.01648721247474
-6.99780197296754
-6.99130501856555
-6.99722820866818
-7.00686855494304
-7.0010566136345
-6.97485189874137
0
-6.9994671914214
-6.99033488846438
0
-6.98555948674855
-6.97624399218858
-7.00806294967581
-7.0032476233393
-6.97603270871654
-7.0140445339887
-6.98009908209422
-6.96538770164608
-7.01248364834741
-6.98766460367775
-7.01561721792714
-7.00184556058395
-6.97474964422173
-6.99271699411322
-6.99540180512301
-6.97475974034396
-7.00284079741392
-7.01999601348822
-7.01315629243229
-6.99959042106637
-7.01200024412656
-7.00639544634804
-6.98288571270099
-6.94885320479207
-6.99621608845251
-7.02999162833797
-7.06075139814106
-6.97102202035575
-7.00399528732757
-6.96171368526227
-7.02451187364973
-6.98714415281315
-6.98760641349785
-7.01441371741872
-6.96738081445129
0
0
-6.99301553283677
-6.93723070123937
-7.02168405250509
-6.97505950770459
-6.96363425285913
-6.98270679719085
-6.98880867000623
-6.98479912465895
-6.99541609781824
-6.99910938778904
-7.00471488510704
-6.9856016082481
-6.98061106112446
-6.98490453964111
-6.98012782491043
-6.99504896531237
-6.99035111171629
-6.98919351338027
-7.00590001546206
-7.002331203582
-6.99404505304648
-6.96970710516278
-7.009880902919
-7.01675617405535
-7.01148823531961
-7.00158170137379
-6.97632925150849
-6.96191426226174
-6.98634663108191
-6.97448944451714
-6.9393719077549
-6.9242139158198
-6.95192573938257
-6.92305461556266
0
-6.92058112514315
-6.94907042236495
-6.97423062717818
-6.94627663202146
-6.95919642569563
-6.95739956674901
-6.9495598675805
-6.93984792126597
-6.94386273528315
-6.92521243671491
-6.97102234004159
-6.97679258649993
-6.98274894958873
-7.00073902164356
-6.9624600913084
-6.96068184391968
-7.00622858068797
-6.94292106393041
-6.98651142365167
-6.97892964643343
-6.9901845020088
-6.98590005933358
-6.98262058720153
-6.98057821070043
-6.98327135882396
-6.95971834523296
-6.98635053252637
-7.01174637368921
-6.9634835008244
-6.98431192805613
-7.00046408286352
-7.01526160711192
-6.97978440598337
-6.95547477662207
-6.99327659436652
-7.04771089272095
-7.06962326737779
-7.02159356233284
-6.98016621293324
-7.02254233060582
-6.99578986668835
-6.9733386450507
-7.03000251630646
-6.99370076584378
-6.99553641930521
-6.95538615465784
-6.97180090104998
-6.9872059519534
-6.99955429062605
-6.98666630242753
-6.96505005287408
-6.98935644201002
-7.01625887814007
-6.99089179874734
-6.98806621459002
-7.00709018708057
-6.98592882356944
-6.99819590408663
-7.00671002693121
-6.98169966440329
-6.99313898641184
-6.97505735062514
-7.00523562582947
-7.01601998868556
-7.02843636938745
-6.9941585129721
-7.02136233401746
-6.9372177774432
-6.95140621072589
-6.95798164066276
-6.98680496672201
-7.0351432086386
-7.01198624800666
-7.0122306742895
-7.02165235829528
-6.97758656243549
-6.99355827018909
-6.9893041486849
-6.97460279477281
-7.0032832945537
-6.93153509810163
-6.99679053807708
-6.98941911556068
-6.99728218502873
-6.9454398814524
-6.98548066302585
-6.97017867420402
-6.98035191234079
-6.97828759539982
