Force
-1.70648610729701
-1.70957722713424
-1.70543472110154
-1.70659232506591
-1.70666531833147
-1.71563949025613
-1.7197731656758
-1.33560635208238
-2.45466371917025
-3.29753967821427
-3.49354989752803
-3.67729974972021
-3.77671905223796
-4.0449520753945
-3.90745991752397
-3.9720178956141
-4.14802544848184
-4.24433585652259
-4.45516922478558
-4.62822142887456
-4.80058294854359
-5.11909564134256
-5.37709448656899
-5.54409818017634
-5.80264636296291
-6.16742962596381
-6.18380519238287
-6.30629725360651
-6.48603818521333
-6.46746416075585
-6.63592580928378
-6.67982361683416
-6.63644346489644
-6.7195299741907
-6.77931705135763
-6.86818134569268
-6.86283579332379
-6.8761126749382
-6.92199800969841
-6.90156769213432
-6.90212440769883
-6.89552311797979
-6.91496165825852
-6.90368734015079
-6.9291079474752
-6.91858980408497
-6.99466279759221
-6.99447232607119
-6.93040295194978
-6.96395178591501
-6.97612867109782
-6.9725797949046
-6.99665252939635
-6.98975877898753
-6.96315134525891
-6.9815554644328
-6.95028681006764
-7.02969193386518
-6.97222369710857
-7.0055936857423
-7.02562748819789
-6.91796952878741
-6.9599546300758
-6.94977911991361
-6.91531184001047
-6.99003813527351
-6.91886635851992
-6.94145678164112
-6.96970685928257
-6.96384120249931
-6.98464524547908
-6.96005719568825
-6.96770172714942
-7.01864863499299
-6.99008437011223
-6.99749099266883
-7.0043031855597
-6.99187667799089
-6.97731015066807
-6.99874025035763
-7.00240241190333
-6.98096147138466
-6.97973697987008
-6.9694382648926
-7.0043534824524
-6.9740047767668
-6.94645784783437
-6.98646992281663
-7.01243476059577
-6.97602156571152
-6.98506425340278
-6.97109091834337
-6.98852220340155
-6.99049424769168
-7.02584275019768
-7.00863260368598
-6.98418569038376
-6.99593545745901
-6.96395067214901
-6.98461838580619
-6.97693972397121
-6.96251249493697
-7.01646387403375
-6.97107486091756
-6.98454818685948
-6.97501022618456
-6.96287939414739
-6.98874413894753
0
-6.98185150468422
-6.99685023068799
-6.98385808822483
-6.98750313573951
-6.98759381019774
-6.99195170694767
-6.99622594943081
-7.0049086799614
-7.00423731489554
-6.99000589573631
0
-6.98409693614668
-6.98931355488988
-7.01745175814233
-6.94641530761415
-6.9817720353899
-6.95197577158018
-7.01379893674047
-7.00733075469732
-6.99157831257468
-6.99625550702659
-6.97979819246977
-7.02786098798447
-6.97907394995981
0
-6.99973969969567
-6.97431896370902
-6.96759548436731
-6.9954751299735
-6.97877081263203
-7.00201039314558
-7.00409251083134
-6.99228773363513
-7.004611550512
-6.97032026864611
-6.99624428002662
-6.96805607582702
-6.97656173094926
-6.96897215194431
-6.98586794142468
-7.0183485537078
-6.96915368534645
-6.9856536130636
-6.96702033895224
-7.02209574976495
-6.97586540332191
-6.96730857686631
-6.96632215592479
-6.98116371411278
-7.01109515740761
-7.01549835096729
-6.97253250889698
-7.00286520698988
-6.97757116739953
-7.00502940782079
-6.99922101981658
-6.99423319771856
-7.00699737794459
-6.99257281299876
-6.98742210656758
-6.99342280357739
-7.00342631899692
-6.97882295258894
-7.00430240470584
-6.98627052576664
-6.98734692569712
-7.00567787761525
-6.99829987390076
-7.00072219764188
-6.9961869961873
-6.97864134906581
-6.98326189059352
-6.98187554405343
-7.0156270263497
-7.00868726009833
-7.00967636614305
-7.00084332558712
-6.97794753605299
-7.01689693459185
-6.9954568886461
-6.98093326530494
-7.01927253051739
-7.00817286160857
-6.97773650353382
-7.00203919571488
-6.98442756347699
-6.9859246786274
-7.02725333466148
-6.9796125968293
-6.98000098806031
-7.00089725443082
-6.99892095510967
-7.00283426199357
-6.99032775506518
-7.00181819580373
-7.01346828664381
-6.99735284457971
-7.00372908627513
-7.00718250619772
-6.99477968685766
-7.01636128824739
-6.98136159093322
-6.97618317611687
-7.01886466620071
-6.98996761630855
-7.01891983901151
-7.01016155012027
-7.00315966308209
-7.00152170664565
-6.99406010697471
-6.99673141124471
-7.01996737506504
-6.99325187593245
-7.00640289307524
-6.98437842543232
-6.98598231823047
-7.00513350179853
-6.99365281769128
-7.01323152847655
-6.9895470763128
-6.9900772945795
-7.00389972571141
-7.01373098441465
-6.99441061496331
-7.00677763603079
-7.00864607817375
-6.98972478654941
-6.98680176851264
-6.99377294203669
-6.99164014082825
-6.99903729152897
-7.00856837230322
-6.99550637830426
-7.00808275220538
-6.98984975351528
-7.00578945664429
-7.00992962059973
-6.99103148563099
-6.95550359872639
-6.99732581371117
-7.00054626145808
-7.0010274162711
-6.98693763832054
-6.99581292738152
-6.99380391424387
-7.0097322810071
-6.98817941691538
-6.99537411230048
-6.99993186211413
-7.00871184798901
-6.99536398481408
-7.00371671404672
-6.98794732168597
-6.99544181851637
-6.97225180236251
-7.00459745091788
-6.99704772950253
-7.01159203986147
-7.0147792889919
-7.00752993613944
-6.98015525503889
-6.99570021902256
-7.00069599818591
-6.98530174223008
-6.97951160365879
-6.99194608151314
-6.99101503868839
-7.01195233494691
-6.99307082486871
-7.00359582838191
-6.99317945065347
-7.00295434948453
-7.00717285551983
-6.98650340846792
