Force
-1.16355450548534
0
0
-1.16564898661916
-1.16048676859378
-2.18832173320192
-3.32587475101427
-4.56191440699047
-5.69910950754678
-6.22462011768022
-6.51500012006494
0
0
0
0
0
0
0
0
0
0
0
0
0
0
0
0
0
-6.57065651939528
-6.72350804511146
-6.71671072791161
-6.81454111463541
-6.8138500186361
-6.85565845079801
-6.88143309809532
-6.9585626072837
-6.92980899429454
-6.95255536780096
-6.95810830095915
-6.92702164152635
-6.96455758380194
-6.9519317767297
-6.98600264680984
-6.95588216122202
-6.97643538197161
-6.98840008263506
0
-6.95656109827575
-6.97831255249198
-6.96332086809496
0
0
-6.9987271023398
-6.99022529923292
-6.99665930291815
-6.974281314292
-6.96756448315046
-6.98188957805275
-6.97175721418263
-6.98788329087156
-6.99744622629931
-6.98833615544965
-6.9981041779758
-7.0520242143104
-7.02102968432906
-7.00628238853126
-7.02527303113957
-7.01098664577542
-7.01698593294215
-6.99337257329532
-7.00356201947894
-7.00025617968931
-6.99322042709612
-7.02994541216388
-6.99992147719119
-6.96237931026362
-7.02633073132489
-6.97361084828868
-6.98836576981057
-6.95952132273108
-6.98708638921831
-6.97529886036035
-6.96814670046019
-6.995445562591
0
-6.97419811584359
-6.98572636239399
-6.98643731925119
-6.99048900171902
-6.999341822193
-6.98835668945324
-6.99108305582614
-6.97781687194674
-6.98194494227071
-6.99160855700928
-6.9886879035993
-7.00554637476685
-7.00084764472067
-6.98374235067562
-6.99023467244758
-7.0215005402735
-6.96764416061154
-6.96483708598763
-6.99046336979303
-6.93485249374401
-6.94558754382923
-6.9882791740509
-6.92733656014273
-6.98694462845582
-6.93104472058449
-6.96805855650706
-6.97891027805535
-6.96558771993452
-6.97629763261514
-6.97782045391129
-7.01595817209062
-7.0012718965308
-6.97636669845326
-7.02020641100244
-7.00012372850079
-7.01381730091075
-6.98527795899163
-6.99407236116473
-6.97854640560791
-6.99100124115834
-6.99879664603042
-6.99838773333421
-7.0023615561689
-6.99854697341141
-6.98647681098863
0
-6.98166361688019
-6.9919532302757
-6.99664684333499
-6.97739558308491
-6.99019869624852
-7.00846851060543
-6.98658995886516
-6.98708030080108
-6.96456671898011
-6.98954337550539
-6.96240528450365
-6.9579774525578
-6.97903675536828
-6.96542429529954
-6.99227444473834
-7.07095404025196
-6.97405030578304
-6.97558721934252
-6.94870554143619
-7.01419192615656
-7.00222539265159
-6.97920966746279
-6.9701220185722
-6.9729825922832
-6.98593912739057
-6.97880305181684
-6.98933018453445
-6.99387293338151
-6.98461057954132
-6.98857597985518
-6.99489382262368
-6.99514521001327
-6.98491516019317
-7.0027796149296
-7.02198197481928
-6.9765772217698
-7.00052660220464
-6.9850849960119
-6.99475072330634
-7.00391142075217
-7.01139452642178
-7.0113572669464
-6.98479230866871
-7.00761263655681
-6.98079895144253
-6.98132939260852
-7.00802508094059
-6.99964928611733
-6.99672414176423
-7.00661131768358
-7.027772356399
-6.98676382141385
-6.97570390031154
-6.96893360890249
-6.97400572703984
-7.00444682490474
-6.99423552862927
-6.98598157203298
-6.99288312162544
-6.96795430334701
-7.00533823078334
-6.98604600064689
-6.98818209453504
-7.02263178327519
-6.98983975911178
-7.02100172090396
-6.96084916768764
-6.99307620486623
-7.02647085974183
-6.98472520075989
0
-6.97160924980647
-6.98977114122658
-7.0141702647745
-6.98010957108327
-7.00909126671929
-6.98735880104401
-6.99217702450485
-6.99969925624812
-7.00402838095645
-7.00339291109635
-7.02677376224075
-7.00009406810308
-6.97391781526076
-7.00631322515649
-6.99525242484445
-6.99651305101307
-6.98351408768889
-6.98992773354302
-6.98867522457186
-6.99947160597281
-7.00827581546631
-7.00633881600203
-6.99053018398354
-6.99823384799807
-6.99227195559599
-6.97173708299819
-6.99436012083637
-6.99286401453893
-6.98736278531169
-6.99999507953506
-6.98195623327208
-7.0145035485475
-6.98818060993217
-7.01518088881935
-7.01243863385517
-6.99893402148618
-7.0014460012526
-6.98816836739515
-6.99805483985584
-7.00528293432869
-7.00152332268951
-6.99218743707238
-6.98651884058417
-7.0050621169139
-6.9960873981698
-7.00571106858104
-7.01205058435824
-7.00210702845278
-7.00436291404014
-6.99891474865472
-7.00487267733329
-7.00950133805152
-7.00801217816934
-7.01271595351042
-6.99885654802855
-7.00841262846755
-6.99533622463704
-7.00118565440834
-7.01760851249795
-7.00487734822242
-7.01228480886315
-7.01833403814612
-7.00698002339073
-7.00539965367514
-7.0056141883128
-6.98918405875952
-7.0036456853216
-6.9831371986247
-7.01248619232791
-7.01036394493041
-7.01498319825005
-7.30283374574295
-6.96232346163339
-6.97699442351008
-6.99040652460428
-7.00460329148774
-6.98368025734702
-6.98812084379133
-6.9934148656663
-7.00848045752929
-7.00870088776997
-7.02762335844266
-6.99343091808324
