Force
-2.66235924733773
0
0
0
0
0
0
0
0
0
-2.96834794052951
-3.25034043887486
0
0
-3.50261580468878
-3.81151212833063
-3.83466539922779
-3.87198103008161
-3.86427149152608
-4.38772088475959
-4.38664662779631
-4.68714716219589
-5.04511576616645
-5.0534109983787
-5.29424006119268
-5.51693103578329
0
0
-5.73513036081992
-5.6959080176934
-5.81316838262622
-5.83035671975907
-5.86208825649432
-5.85480449587391
-5.90362787041915
-5.89365891685108
-5.94223083007791
-5.92856333445654
-5.93848553743131
-5.94731634145189
-5.93442244261899
-5.9474214018936
-5.95141873245574
-5.93598881729669
-5.97863073223115
-5.95626984481757
-5.95183486611347
-6.01955896354975
-5.96977665457627
-5.99405881292776
-5.98413650100379
-5.985946553807
-6.03770334171141
-5.91669470131526
-5.99679279655258
-5.98884243646651
-6.01750188416172
-5.98027024191913
-5.94109004176341
-5.99431934975388
-5.98128734341754
0
0
0
-6.00247278133907
-5.9591619257839
-5.96499665242552
0
-6.0045092783938
-5.99935793638721
-5.98683235027087
-5.9619921979727
-6.00073928743525
-6.01027685921466
-5.93751471661704
-5.96907042829672
-6.00914667743259
-5.98676934211698
-6.00482275492215
-5.99784258169081
-6.00007161567462
-5.99898142757105
-6.00034906861979
-6.00946097950325
-5.955539355099
0
-5.97971968337994
0
0
-6.00839597276763
-5.9734816384786
-5.98830714865326
-6.00854703756389
0
-6.00124426333673
0
-6.02319524466609
-6.00820552400618
0
-6.00107739327089
0
0
0
0
0
-6.00274245374838
0
-6.0084184575012
-5.98872912458756
0
-6.01009156076728
-6.02543562368278
-6.00797556856129
0
-6.00617395331085
-5.99427008300178
-5.98762830480796
-5.98416662595916
-6.00819519693229
-5.97243973525842
-6.01611164653312
-5.99963133951305
-6.01619929713784
-6.01140728617303
-5.91136528660088
-6.00972006068848
-5.99878599365986
-6.01465005799718
-5.949000549375
-5.99255539105169
-6.00026863766647
-6.00951901075386
-5.9865608420659
-6.00543500964091
-5.99918180662805
0
-6.00946200988427
-6.00446400484025
-6.00820157330957
0
0
0
-5.98270335780608
