Force
-1.62229666763903
-1.61497109781578
-1.61652418347385
-1.59906677009326
-1.62460837692258
-1.44285342438977
-1.98457079142977
-2.9128125792066
-3.23688703713857
-3.58396734657845
-3.22778107779295
-3.69477311295414
-3.67932353193098
-3.56290050246301
-3.88503612605721
-3.7629437206995
-4.11582827970394
-4.49129066338724
-4.6807342345703
-4.66747559931154
-5.18530698687377
-5.35249445457626
-5.7326805716973
-5.94355802569377
-6.1601345483542
-6.29192874190305
-6.4151266068828
-6.6091506513292
-6.61306862909689
-6.63464718523682
-6.69538170805723
-6.73709331006749
-6.78276147179217
-6.8489777806854
-6.80755737228358
-6.84262805644766
-6.85315618289004
-6.85866110418844
-6.82370077087737
-6.84585082660962
-6.86960141996941
-6.90644145154118
-6.90061303659627
-6.88778871255039
-6.91278895427612
-6.97414844398627
-6.93694940811921
-6.98179784838098
-6.90514838632266
-6.97805742020087
-6.96551751712354
-6.95155500618727
-6.96570669514449
-6.92573911672204
-6.97203786457542
-6.9156721121353
-6.92613678257405
-6.97290302526236
-6.92915367163872
-6.98395565939806
-6.95165147608525
0
-6.99522591652432
-6.98322944133517
-6.96595951023747
-6.98721466441387
-6.97324327247815
-6.97782206970013
-6.96434934331179
-6.9896825845286
-6.99504800445652
-6.97271073908647
-6.97077073897158
-6.98509782739258
-6.9658719006887
-6.970850102823
-6.96770464550042
-6.96914020466336
-6.98036321039189
-7.00356223650193
-6.98149200542872
-7.014040292453
-6.99982157480632
-6.99570799230219
-6.99411940609519
-6.97777050126983
-7.00065189523452
-6.99786001092545
-6.98381909810076
-7.0237743189029
-6.98536755941073
-6.98096422068659
-6.99094572016011
-6.98959085633634
-7.0051925699415
-6.97521659736512
-6.99037619568674
-7.0027588697417
-6.98863635777442
-6.9952858694943
-6.98474859781895
-6.98945227296077
-7.0082633653216
-6.99417836787609
-7.00754493297515
-7.01142245163798
-6.98513169151789
-7.02066465908941
-6.99705423510341
-6.97474740828464
-7.00297063834399
-7.00439607443299
-6.98518024633027
-6.98860188155162
-6.97042716368963
-7.01151689805015
-7.00419511689927
-6.98704436522217
-7.03277284369102
-6.9783747395098
-7.00697428026669
-7.01325131640665
-6.96779772136853
-7.00873521684239
-6.99684342039335
-7.00760522778944
-7.00798024012154
-6.99595432023322
-7.00954567174578
-7.0055996628939
-7.00944965889901
-7.01698490136948
-7.00058108989295
-7.00927752540873
-6.99388062081289
-7.01904114621019
-7.01564054643021
-7.00932492195747
-6.97398543040199
-6.96885985786367
-6.99853497890844
-7.00004728913839
-6.99701587862318
-6.96512222428049
-6.9654448959579
-6.97278560996402
-6.96844966940449
-6.96965933223096
-6.97496708696236
-6.96986286131873
-6.99009011122892
-7.00091021676026
-7.03864659927044
-7.01584778679596
-7.01721241053251
-7.01809594338476
-7.00974530219025
-7.00024221120345
-6.96027113730364
-6.99366728846693
-6.97191118121465
-6.98683413885136
-6.96952947552824
-7.02649940901763
-7.01753516412558
-7.00163691958072
-6.96913314188367
-7.01608995848092
-6.95837784783802
-7.01012097752066
-6.98262480792213
-7.03358381922859
-7.0115525724742
-6.99015632393226
-6.9990677597506
-6.99753525837407
-6.96892079746032
-6.99212017339736
-6.98401396725631
-7.00795634618509
-6.9970546261098
-6.99524057998871
-6.99347004171494
-6.97037438459175
-7.00367095019306
-7.00614361580784
-6.99232981526301
-7.00933119713325
-6.99929011659063
-7.01054123764164
-6.98498794464981
-6.98672260196209
-6.97177467709171
-7.00013355082552
-6.98153344531603
-6.97568397866708
-7.00792276413607
-6.96003663550878
-6.99746677847399
-6.98248981443783
-6.99102031476747
-6.99567536402192
-6.97797295183979
-6.96272666602632
-7.02440988019584
-6.98076949059025
-7.00674558771219
-6.99964213674095
-6.98377537677957
-7.013687514737
-6.95164837124764
-7.01555782860409
-6.95787820313738
-7.00329835193114
-6.99245535912951
-6.98915358871995
-6.96669988174862
-6.98908185341409
-6.96919839303137
-6.99021989222209
-7.00002838551034
-6.98662603974996
-6.99133173653911
-7.00254204616131
-7.00817789743344
0
-7.01295016802698
-6.99592013396071
-7.01311083428478
-6.99615028206113
-7.03053705352229
-6.99212417086814
-6.97831379906386
-7.00188996305503
-6.98070727543636
-6.96020208712944
-7.00590380865771
-7.00271278912251
-7.0146930517419
-7.01479137477115
-7.00905570572106
-7.00583544941921
-6.99790440880155
-6.99031292449633
-6.98019730755395
-6.99057189577936
-6.9787483144928
-6.96944074060142
-7.00821037308616
0
-7.01201110496978
-7.01152237076259
-6.98378427762067
-6.9993186484784
-7.00318103153594
-7.00577465739365
-6.99593884470509
-7.00050608538657
-6.99147520774872
-7.00013291836493
-7.01164586444871
-6.98506459439092
-7.00636960089223
-7.0275592392302
-6.97285604395301
-7.02065506982147
-7.00678875589031
-7.01286711214673
-6.98943883585937
-6.99115092628025
-7.01177807747287
-6.9889576234984
-6.9701266602131
-6.99354029144122
-6.98207538485699
-7.02031274449547
-7.00796105041835
-6.98120937119366
-6.99339451479915
-6.99818405407221
-7.02497949496502
