Force
0.175634051147795
0.161308100934696
0.165861696364908
0.156545973484171
0.161916040194131
0.159609265618374
-2.08898966070369
-2.7849646606733
-2.8962565769005
-3.5435672654277
-3.44235879658537
-3.49258602151918
-3.54226753778139
-3.67373207479034
-3.69134343446953
-3.5841473425011
-4.12163030329313
-4.2241752619082
-4.39472560128135
-4.75109876097526
-4.81021521364074
-5.05019153987271
-5.20929116137655
-5.29944626358471
-5.45860181154167
-5.56311452042238
-5.61064512545713
-5.72331496342938
-5.75880546701499
-5.78568371597712
-5.81625715949779
-5.89107908621736
-5.94326314719199
-5.8143878463582
-5.91010192265341
-5.92270469806249
-5.94017445104887
-5.94862426208398
-5.93079291446078
-5.97553408722614
-5.96946742906357
-5.95216155800517
-6.01447575644256
-5.94290362951564
-5.96910204114684
-5.99519521364613
-5.92986381144411
-5.9956334438471
-5.9619349519402
-5.98543074516363
-5.97441229125901
-5.96912900078207
-6.00573106364327
-5.9739620837323
-6.00476933858319
-5.99965582485087
-5.98094896247845
-6.04070021736614
-5.9838977017341
-5.99811194587761
-5.99428817014808
-6.01009312037975
-5.98488563997397
-5.99873531144936
-6.01327187177647
-6.00700739478262
-6.01217039932869
-5.99959112846859
-5.97247381098306
-6.0055831314647
-5.98657662431421
-6.01341449140629
-6.01559966782419
-5.99506485118456
-5.97817407481765
-5.98988052412041
-5.97870610859337
-6.01741809533334
-5.99331893540046
-5.98369700018773
-6.0224510324891
-5.98831618799838
-6.03023100661485
-5.97788074413928
-6.00190758410964
-5.99175180174655
-6.00339157616714
-6.00335524768969
-5.98134795934372
-6.01046854630429
-6.0026708240904
-5.99162523821449
-6.01074051956908
-6.00892989745534
-6.00453096933163
-5.99223791318295
-5.99445056898424
-5.99881025656568
-6.01083942566166
-5.9898723711528
-5.96009662534521
-6.01117956984354
-5.98316343468506
-5.99567826737675
-6.0060354601197
-6.00398004103639
-5.98703892184004
-5.99105327640175
-5.9761424221486
-5.99203831005412
-5.98780819546816
-5.96993161683934
-5.99619770019903
-5.99696092156045
-6.00907320024882
-5.99119309631558
-6.00349950102613
-5.98659407768729
-5.97915072947028
-6.00506932845507
-6.01153715358834
-6.00842796015341
-5.9941592544717
-6.02418692792759
-6.00771629299605
-5.99729119815804
-6.01471360310768
-6.00879453175771
-5.99356127786228
-6.00235508465717
-5.99165133146101
-5.99143961186228
-6.00427522552898
-5.99927127776933
-5.98904266806709
-6.00411972411065
-5.98666941390332
-6.00453396656598
-6.00741309289202
-5.97819163414875
-6.00267842572286
-6.02210578901233
-6.04103081694059
-5.99656022620671
-5.96168355175665
-6.00682761868009
-5.99970238473487
-5.98887576981646
-6.00302200471329
-5.9951953185204
-6.00730330643981
-5.99183487286603
-6.01254264584968
-5.98277095250503
-5.99722404842246
-5.99992819353343
-5.98288540658262
-6.00861935372018
-5.98197899176864
-6.00414538130905
-6.01286972044561
-5.98941493505416
-6.00910078260257
-6.01623100120032
-5.99071097152486
-5.99271281853898
-6.00025196898596
-5.99466917348953
-5.98753294613345
-6.0158631626412
-6.00225646045217
-5.99202839071398
-6.02203619938636
-5.98475859555367
-5.99937885843441
-5.99754167619252
-6.00085255231776
-5.99222481769475
-5.99201557024796
-5.99646830402695
-6.00232599813333
-5.99914835372905
-5.98930655128202
-6.00096633219233
-5.9977867594637
-6.01485459172387
-5.99008707946039
-5.97729220333012
-5.99175775396195
-6.00302530045325
-6.0179121452751
-5.98979039697104
-5.99437966357546
-6.00133846826731
-6.02416853700033
-6.01130917907757
-5.98625692940167
-6.02278591284244
-5.98495659926019
-6.009065927732
-5.98864587666348
-6.00963259028724
-6.00839603058726
-5.97782883515858
-5.99557359359462
-5.99001608382308
-5.99804593814413
-6.00824207937153
-6.01171810154843
-6.00652204963272
-6.00353201184969
-5.99843704574505
-6.00505200113393
-5.99625805747213
-6.01276287068884
-5.98408525168453
-6.00666557327557
-5.99735435365916
-6.00750227552776
-6.00405827136055
-5.99651176786014
-5.99756401582515
-5.98241525953331
-5.99382313653967
-6.00255658075845
-5.98866260636724
-5.99907814990666
-6.0047338616579
-6.02309624129115
-5.99011533372368
-5.98905846880635
-5.99953696816924
-6.01367517223153
-5.98031733357857
-6.00827990770599
-6.00135596434272
-5.98954718650171
-5.99102507117333
-6.00325712856676
-6.00160714922521
-6.01260402746
-5.9907337948842
-6.00021390520355
-5.99764200237126
-6.00538359782649
-5.9949671724581
-5.98863676719718
-6.01494119162877
-6.01277846568431
-5.98654176280702
-6.0094818823885
-5.99581373653176
-6.0029126465204
-5.99586565089376
-5.99879034408971
-5.99437452533909
-5.98246822473298
-5.99923585735847
-6.00262940619017
-5.98709353660867
-6.00484327514924
-5.99343229170238
-5.98587667236886
-6.01801423859275
-6.01062753677285
-5.98607754409173
-5.99073138305718
-5.96830115544083
-6.01568155224385
-6.01466691058695
-5.99474889459797
-5.98711085221168
-5.9930491251487
-5.99665360237799
-5.9959386834707
-6.00236906179009
-6.0229849686954
-5.99131446236038
-5.99865531281594
-5.99766915467503
-6.01605253744517
-6.01066597444002
