Force
-1.41128925128295
-1.38893105914974
-1.38585877660337
-1.3894432299233
-1.37765147261591
-0.849622429455887
-1.96334241694088
-2.30615905171948
-2.88098210030413
-3.01043068156278
-3.13646012488492
-3.37966680485566
-3.23496661193593
-3.70161429433674
-3.88704864856163
-3.98281332626331
-3.87986550718145
-4.20799074203565
-4.32257039631842
-4.41404584133637
-4.63020368530042
-4.77842449608654
-4.9779734594415
-5.14113253159822
-5.24962829957555
-5.42173553983303
-5.57721559295886
-5.59970162401819
-5.6676950673733
-5.75805013266323
-5.75894114584975
-5.8223419692085
-5.86732059630265
-5.89254473274293
-5.90326605596501
-5.90536232250765
-5.90651166506921
-5.92330390076372
-5.950919422953
-5.93370046234997
-5.85799824724611
-5.96940083757937
-5.92141116408611
-5.95893280855145
-5.93546590210518
-5.95636712223531
-5.97029347659037
-5.98699519485664
-5.98829585229974
-5.95386333704729
-5.97450034739872
-5.99834733547874
-5.99168233575832
-5.96591370874371
-5.92533232823341
-6.0039104695037
-5.95876665715771
-5.99858391857216
-5.99633296209044
-5.98032962564086
-6.04060174094321
-6.00247024259113
-5.98698040539611
-6.00435208290138
-5.98482389829232
-5.97745271669614
-5.98360303526974
-6.00329048861734
-5.9752432781636
-5.98772833260969
-5.99380275354698
-5.98645035953182
-5.99439204162637
-6.00130592552962
-6.01776997248704
-6.00264287069784
-5.99522400919736
-5.98271998472715
-5.98687240756047
-6.02155054953257
-6.04722718433546
-6.00581286874204
-5.97813213700385
-5.9759839106715
-5.97387119899765
-5.98513744560814
-5.96319603331259
-5.99046832721215
-6.00548780803333
-5.99626829587827
-6.01431540451199
-5.98732323993774
-5.9699248887159
-5.97915051220708
-5.99170224954366
-6.01877748907911
-6.00479951225456
-5.96245941044494
-5.99694219692432
-6.03503373463947
-6.01084766570309
-6.00735732027373
-5.9928682084825
-5.99680374042189
-6.02225116231148
-6.01738570380418
-5.96881509796156
-6.0115948617333
-5.95048361962066
-6.00749500799513
-5.98823609497199
-5.95964969649404
-5.98332696228473
-5.98443236981543
-5.98306688710072
-5.98845840656703
-6.01694101815414
-6.0137044205224
-5.99570105905259
-5.99541608616887
-5.98957078169089
-5.9990445686808
-5.99660293336321
-6.02125417574726
-5.99847351559109
-5.99422349208381
-6.00822096241285
-5.99429119270867
-6.00485998028323
-5.99302434924685
-5.99611116169685
-5.9997055779022
-6.00289136789221
-6.01398807025535
-5.99162519381552
-5.97801870517119
-6.03158599885847
-5.98410929043185
-5.98706955155495
-5.98232461047699
-6.00336229494566
-5.9999754671562
-6.00145988279929
-6.00858798904506
-5.99984583126173
-6.00348653711142
-6.00565860730511
-6.00448678308879
-6.02106663725135
-6.001902229423
-6.0098949524489
-6.0090321646614
-5.99295011313934
-5.978648324962
-5.99143756164873
-5.99671229982403
-5.98869260313242
-5.97168297068349
-5.99410227857448
-5.99677284843585
-6.03378288887159
-6.01117356192096
-5.99586975430364
-6.01209719561041
-5.98819327420563
-6.02727924409013
-6.00266907816296
-6.01183478475728
-5.99489212079581
-5.99863083708911
-6.00062390302242
-5.99709837809555
-6.00089363781262
-5.98578257642735
-5.99190409750078
-5.99679979862571
-5.98220212013735
-6.00656246162362
-6.00103662289737
-6.00338579349694
-5.99039081013314
-5.9918750073756
-5.98908123722485
-5.99145421320836
-5.99575108855917
-5.98393300381277
-5.9754445838146
-6.01869079210117
-6.00248099522861
-5.98414838279325
-6.00705552918237
-6.00278891993117
-5.99046034402965
-6.01376993755257
-6.01297263477055
-6.0017817147351
-5.9952935733361
-6.01260024683644
-5.98727671592546
-5.99913734754846
-6.20149135685743
-6.05413165009246
-5.99854071258353
-6.02806544942062
-6.03227396760434
-5.98538847085283
-5.99807461410574
-5.95940558594233
-5.95400658662105
-5.95541712877963
-6.01776265105914
-5.9945888330931
-6.0045507309714
-6.00718289450191
-5.98506049499606
-5.99668152623377
-6.01420828075148
-5.97097416414452
-6.00365695564969
-5.98918687633427
-6.01695986013399
-6.02242590679963
-5.9962848201175
-6.01770493500104
-5.99120997164836
-5.9931120784946
-5.99349742104258
-5.9966546280634
-5.99259756688267
-6.0093847847305
-6.02523485663485
-5.98761434282324
-5.99618940284278
-6.00864072358353
-5.99814729127615
-6.01140684519616
-6.00268455228627
-6.00486763332327
-5.99438209915281
-6.01234184035462
-5.98975857313621
-6.00317998018474
-5.99353676664683
-5.98812781644947
-6.00124760848377
-5.98711372787658
-6.0198320124279
-6.04444755034417
-5.99873232618444
-5.99812312184725
-6.01001428085425
-6.01459765944273
-5.97426601921178
-6.00839535013397
-6.00448796089731
-6.01589730015662
-5.99278141092198
-6.01205804486154
-5.99606536304297
-6.00945914862573
-6.01520250503688
-5.94831245488871
-5.98197821491108
-5.9935131681542
-6.01977206232
-6.01336855866166
-6.00123030782916
-5.9868583317388
-5.99224088790597
-5.99952649753591
-6.01585113361829
-5.98257300245637
-6.00478508779144
-5.99254397026637
-6.00847212748439
-6.01981710011326
-6.0176891843616
-5.9811334680905
-5.99292645956886
-5.99749747983638
-5.97603178825959
-6.00573363698991
-5.99741043509442
-5.99190182461785
