Force
-1.48672278049038
-1.49050296933887
-1.49773487629097
-1.49323406118739
-1.49676707399061
-1.49274723250667
-1.49725859094726
-1.48251037645846
-1.49664055517129
-0.799157539610466
-2.46675601992005
-3.1359046782662
-3.32558129281681
-3.91156673857349
-3.7259275347707
-3.60307336626056
-3.85717564598773
-3.72059139416481
-4.20640462729367
-4.20373034483452
-3.85673210840979
-4.15751142508508
-4.57822701840318
-5.05369665748401
-5.26036918622764
-5.34691041942766
-5.66949807216052
-5.91179531303673
-6.05361720335471
-6.29850755307319
-6.54170796178485
-6.48807459539347
-6.61744331958061
-6.71133099269438
-6.76690802317918
-6.80834773972839
-6.82856602851732
-6.83845432151122
-6.89759534351077
-6.93577505534472
-6.94623655185343
-6.93186736732153
-6.98366218709407
-6.91291877193395
-6.93921974457094
-6.94192117517635
-6.92687725952291
-6.93534284136156
-6.92218443530874
-6.92770301204548
-6.95890395232017
-6.94745813296574
-6.98339088064976
-6.91585990756534
-6.94110728238553
-6.95540490462255
-6.97335075397496
-6.9317942699953
-6.98741196650373
-6.94173954677809
-6.97168169859743
-6.94024667472853
-6.93228836838719
-6.98532292576684
-6.94749945163116
-6.98727626097029
-6.97515383652736
-6.98389806010385
-6.99407318972195
-6.96917727154833
-6.99413009740138
-6.97217818901031
-6.96488153009933
-6.99766447047686
-6.95973547556427
-6.96784576920382
-6.99569957873353
-6.98531952848746
-6.97622596401907
-6.96372249725372
-6.97911990668964
-7.02362510147359
-7.00657146716269
-7.01076761066751
-7.00187264613524
-6.99887423084538
-6.98958443986284
-6.98916514602577
-6.99769333470814
-6.98697914848439
-6.98050064673089
-6.94498444735728
-6.98681330157023
-6.97716173240854
-6.97012411637181
-7.01763926527455
-6.9781459148141
-7.01515458985055
-6.97626283557066
-6.99331550994247
-7.04502955349652
-6.98416655778225
-7.0112381871194
-6.97906487980855
-6.99446457728126
-6.99380348868006
-7.0026518336205
-7.00340943994543
-6.96441584486545
-6.98845733770837
-6.9982745148396
-7.01937626658467
-7.00357970622406
-7.00750112560187
-6.98851657036748
-6.99481599677781
-6.9694267586467
-6.98575905380504
-6.99248005344661
-6.9975153536083
-6.97993264458746
-6.99869430387629
-7.00262561445921
-6.98498786011484
-7.07135602447717
-6.96541288318279
-6.96025576153846
-6.96046094397232
-6.97112689853374
-7.00658837051401
-6.9829767313696
-7.00008264632767
-7.00664864042662
-7.00913887462065
-7.00883090104111
-6.99671325899531
-6.99578631863684
-6.9527654116799
-6.95144295995777
-6.96840598437105
-6.99209145693371
-6.97460993049217
-6.99439248683374
-6.97860703260414
-6.98751073406013
-6.98976211290796
-7.01802585848682
-7.00379306314834
-7.00121780059825
-7.00994189896389
-6.99153750638567
-7.00766753123361
-6.98676598661371
-7.00872949138714
-6.996027523796
-6.96955289737631
-7.0040646105537
-6.96946394631374
-7.00782262481745
-6.99491225878177
-7.01705253136777
-7.02189919486269
-7.00599863791289
-6.97493557174269
-6.97780359857103
-6.9809885924316
-7.01442114880311
-7.00614966763981
-6.99085152378428
-7.00057685882447
-6.99709738565332
-7.01128080740772
-6.99059774535914
-6.96908196115116
-7.00267101160556
-6.9843233998447
-7.00727067330775
-7.02172534792011
-7.01714463554062
-7.01611426260453
-7.0046104879251
-6.98763300149537
-7.02254556652049
-7.01757306223944
-6.97726824580939
-6.99476963261117
-6.98036142507903
-6.97842322392503
-6.97422278644966
-6.98474265610949
-6.99243048517711
-7.02714114124561
-7.01463632373975
-7.00717616984717
-6.98932268423641
-6.98087128457789
-6.99338154113323
-6.98461461239445
-6.98856862476577
-6.96642238978164
-6.9932878443267
-7.00169753780497
-6.97550189990669
-7.02294312594001
-7.00225395566633
-7.00200171074206
-6.979365747296
-7.00021332682314
-6.98673997139119
-6.97767055907264
-6.97588973551044
-6.96593268004824
-7.00575821678689
-6.99093973906504
-6.96671739199381
-7.00933444441667
-6.98153500992207
-7.00710313401686
-7.0202290147606
-7.0079223488613
-6.99735217298386
-6.96238389659853
-6.98558676499313
-6.96992840798371
-6.99393146006683
-7.01991189144007
-6.96899032083457
-6.97854705839776
-6.97842220396632
-7.0010319678769
-7.00163152412344
-6.94510934037888
-6.99898975831702
-6.97901440118834
-6.99583827017353
-6.98534827772161
-6.99696633517452
-7.01579051454421
-7.00730341108698
-7.0153054995299
-6.99348358412734
-7.00398762870489
-6.99179282180096
-7.00032998806336
-7.01112108239355
-7.00442352243734
-7.00931321262198
-7.0182940955215
-7.0125215051733
-6.99780549855822
-7.0226546986899
-6.9985910989586
-7.0073766487142
-7.0052782054375
-7.00950772919288
-6.99753024564449
-6.99992907534846
-6.99207860344402
-6.98135779986458
-7.01499543784902
-6.99193584811337
-6.98287033848178
-6.99344289089668
-7.00396395366131
-7.00009621775839
-7.01635962303055
-6.9928215274745
-7.00042456781121
-6.99179763764567
-7.00621433811233
-6.99919217014843
-7.00518058653896
-6.97598753803102
-6.99587782752725
-7.00197411588315
-7.01235331356017
-7.00432406124639
-6.99182312437831
-6.97771846769844
-6.99437783119459
-6.99059531441077
-7.01335627092459
-7.00555633852862
