Force
0.600791576981252
0.603095201672021
0.608206129301228
0.603067677554655
0.618530165513415
0.609320589266133
-1.80701072368892
-2.30629225247648
-2.69002823725138
-2.71773412322782
-3.38230905964322
-3.44376191309361
-3.56940616371267
-3.78694232532145
-3.73845074837183
-3.61844078373855
-3.8362182287064
-4.18247348701757
-4.61516203624027
-4.76166228289931
-4.89650020938472
-5.20857087141483
-5.33814000605695
-5.39948076706672
-5.49700779773484
-5.59973357304058
-5.66427092717546
-5.71577642288584
-5.82380457112377
-5.7759066982724
-5.8189570598837
-5.8119069165041
-5.89266310885095
-5.89339721841484
-5.87912259251934
-5.89849595574115
-5.90083040162183
-5.92847347661285
-5.93059873883287
-5.92338418686816
-5.88358003798558
-5.93252660330602
-5.92220179871413
-5.91904661409887
-5.93641846196452
-5.93747068749546
-5.86995170102706
-5.89526736201586
-5.92098834876919
-5.91179902527645
-5.97737727032116
-5.92851327426376
-5.99561237431079
-5.96735545150639
-5.98082166466651
-5.95839262028036
-5.94016874027828
-5.97354303642346
-5.96404028783669
-5.9700700165985
-5.99418560005745
-5.95289962592992
-5.98292152921507
-5.96832301588563
-6.00173995205538
-6.00636414826127
-6.00694118939055
-6.00473959373503
-6.0097299757912
-5.97762189254693
-5.9753909730262
-5.95227082437629
-5.96501917853557
-5.98529168972684
-5.97412699751868
-5.94924865157673
-5.97089895643424
-6.0018802704887
-5.99038936589149
-5.99698143484855
0
-5.96867757475557
-6.0193373615392
-5.96598097554664
-5.97847339792247
-5.97022524128353
-5.99495945149572
-6.00783105252643
-6.02761255469291
-5.98580050972552
-6.01248204532609
-6.00518555049394
-6.00864315509081
-5.97632048531637
-6.00753451141775
-5.98169643023714
-5.98645285584186
-6.03229186730038
-5.87037232823066
-5.95197256935745
-5.95084598982131
-5.98838238691984
-5.96639050614024
-6.01214976849399
-5.98858757514833
-5.98497179144517
-5.99925057282974
-5.99508818819555
-5.99565234495729
-6.0021483880526
-5.98894237836524
-5.96699204377854
-5.99986541829909
-5.98516330659716
-5.99274342415894
-6.0008483348611
-5.96960248702684
-5.92699437105746
-6.0132718451437
-5.98777858924142
-6.00438703236707
-5.99601794554768
-5.94402693923738
-5.99118425398846
-5.97678760855639
-5.96839587579613
-5.9665797133145
-5.99254443459024
-6.00543285133683
-5.99241155248655
-5.99367132831322
-6.01353633726045
-5.97665499078916
-6.00515791253082
-5.97937801889246
-5.96333293515049
-6.02354879174698
-6.18414683737094
-5.90368896489413
-5.92890985552081
-5.97864270970645
-6.00201575333354
-5.99052884310942
-5.99986027856417
-6.00901046879983
-5.95980034889905
-6.02144844085357
-6.01747071268473
-5.9938070146449
-6.0126177867359
-5.97865470598657
-5.98657180949873
-5.97433915346525
-5.99990341995443
-6.01479084349034
-6.00938142080877
-5.99766448347954
-5.97551661939943
-6.0036692117198
-6.01299114700031
-5.98853144967188
-5.9850954234661
-5.9942655865381
-5.99175266756249
-6.08143757130333
-6.0215581385605
-5.9658121201487
-5.99666306767334
-5.99877025295331
-5.99669804245536
-5.99853079068376
-5.96177436570839
-5.99666079165555
-5.99002606015537
-5.98440059822104
-6.00296970581492
-6.02467145289719
-6.00043447414891
-6.01832059053189
-5.97637005111332
-6.05986354418431
-5.96978943894343
-5.9614204016827
-5.98645723167877
-5.97895853056823
-5.98934008146628
-6.00823262333201
-6.03443394383559
-5.98305640330714
-5.97344251952826
-5.97958174910752
-5.95144408969068
-6.00083202042846
-5.9883797397064
-6.03231138389772
-6.01232082168635
-6.00050285570734
-5.95911163283996
-5.9974933432993
-5.96365775954599
-5.97451422435398
-5.96187281013975
-6.02216333182376
-5.98244139676659
-5.9839065979991
-5.99540611362406
-5.99646843009134
-5.99967336335747
-6.00134784842748
-5.9881824222969
-6.01724286257911
-6.02956421892461
-6.03308075359337
-5.97798449062704
-6.00564492364016
-5.99177463863078
-5.99082632622339
-6.00653304425008
-5.99046167364715
-6.00448978038378
-5.99696049365413
-6.00086272567522
-5.99484538784297
-5.97528197009845
-6.01045130191717
-6.00674755937986
-5.96229303842248
-5.97864822016677
-5.98708248355867
-5.99946733416175
-5.97873775079623
-5.99184570620248
-5.99840001285546
-5.97840469761246
-6.00831407562993
-6.01366020876512
-5.98072055238848
-6.03790695315157
-5.95629914062081
-5.99923854232367
0
-6.00287944776614
-5.99836454361773
-5.99143418949368
-6.0004989222627
-5.98013003389489
-5.99826482158857
-6.00696052695305
-6.00480263715161
-6.00588410402389
-5.97845789924849
-6.02269328918093
-5.97536602560787
-6.03018478923927
-5.99392665478494
-5.99356548878946
-6.01262007688914
-6.00374002006145
-6.00505614013135
-6.0197123662823
-5.99942992696825
-6.01223166572196
-6.00433279963922
-5.97766169442995
-5.99581287379685
-6.00013822642671
-5.99770692349113
-6.01355404617336
-6.02182143850285
-6.01079150605114
-5.98130275352678
-6.00413693303466
-5.99652183271259
-5.98965428356939
-6.00610277055538
-6.00620549543777
-6.01447910472072
-6.03369735672776
-6.00822262815825
-6.00646989162911
-6.00640497598038
-5.98674555974128
