Force
-1.14306627728691
-1.15260229933975
-1.14700366523329
-1.15159845363801
-1.15880147811586
-1.10741910413389
-2.06878295169587
-2.69532877305658
-3.44413948089787
-3.80362496373869
-3.52023088751893
-3.89907001193607
-3.76354865312113
-3.90263785941034
-4.27428302645413
-4.24022924341075
-4.25927668679589
-4.38611293552394
-4.72605427600974
-4.91127108702872
-5.42246397078544
-5.62434148834265
-5.74304741799834
-5.89355334208885
-6.17295489505773
-6.15969844187925
-6.3838276124478
-6.57032613442728
-6.52607395351728
-6.66008958363002
-6.72161553866186
-6.78504849842752
-6.81107218538571
-6.88512606914075
-6.86949221113616
-6.90591373832966
-6.91634272663864
-6.94645739731943
-6.94768122490365
-6.94477397530188
-6.96137460332024
-6.94462117503317
-6.95690461495223
-6.9620459061287
-6.95226523446673
-6.96118299345905
-6.97338795936
-6.99896154339239
-6.96111602081573
-6.9433006915489
-6.95155741845868
-6.95838343572985
-6.97749677101174
-6.96218567695529
-6.94663585223319
-6.97952766347132
-6.9609231598173
-6.96424370560885
-6.98842859613792
-6.96439298367968
-6.98440603540051
-6.95592211064873
-6.98074161304532
-7.01309354871968
-7.0024737795609
-6.9852717061405
-6.98944424984977
-6.96701241834778
-6.96650308604011
-6.98615203808608
-6.99382902555732
-7.00563865185324
-6.99527539059479
-6.99844269762485
-6.97317190847086
-7.00489203470384
-6.97637640538042
-6.97371602584925
-6.96992713821107
-6.96619928576689
-6.98944608475333
-6.97197770277676
-6.98405104376334
-7.02296737218268
-6.96366261142039
-6.9900657548488
-6.98745389137889
-6.96400867953055
-6.94446161420532
-6.9718948509263
-6.98543305717044
-6.94477452051451
-6.99323025228518
-6.97347268279655
-6.95211708709958
-6.98999257968168
-7.00109188531554
-6.97818851139072
-7.00284162101284
-6.98530827307215
-7.00683695590893
-6.97538377945664
-7.01411031175455
-7.02959032738474
-7.00149790977632
-6.99515344702249
-6.9529830669569
-6.99439733426252
-6.97985343710625
-7.00108034249105
-7.00208257527063
-6.96797239609639
-6.98683716893605
-6.98217110985908
-7.00303277016755
-7.00964112058268
-7.00683447376686
-6.99078145874409
-6.97173401467246
-6.99356441864339
-7.01300277039849
-6.96872734889177
-6.99872518275341
-6.97397835951419
-6.98574259528459
-7.01701404205791
-7.01172191169254
-7.02842062514717
-6.97696543723577
-6.99446202965716
-7.01306040331375
-6.95979634329883
-7.00019635522405
-6.98763026340152
-6.98766058057368
-6.97587051784701
-6.98949479461236
-6.99435964397544
-6.97548625126183
-6.99467913068537
-6.9827090121869
-6.99998199523433
-6.97813574043543
-7.01010440363757
-7.01545502184604
-6.98252086078034
-7.01169357940073
-6.98669559605842
-6.97419200719338
-7.01350241492485
-6.98702543701337
-6.98944069681986
-6.9676549076791
-6.96191420407385
-6.99728831933101
-6.99770142591062
-6.98282825436321
-7.02956662418706
-6.92727605228997
-6.99315177217387
-6.9859414603177
-6.96958581193133
-6.99113037487666
-6.99937565661145
-6.99457950444888
-7.01192221919088
-6.97389056332041
-7.00262781158566
-6.97580079712752
-6.96612454184192
-6.981875824365
-6.97295801554919
-7.00210219074522
-7.00245489091275
-6.97820158794803
-6.99552045468875
-6.9924831636559
-6.98718357237092
-6.96482648790052
-6.99915899461903
-6.96941976459088
-6.98050886389989
-6.96794410527254
-6.99565097734617
-6.98449249052265
-7.002798177913
-6.99432326083676
-6.99706862270557
-6.99002242643164
-6.99979375209818
-6.98282025686137
-7.01206352264101
-6.99756370805775
-6.97978937362634
-6.9854872276208
-6.97350827615648
-6.98499871369077
-6.9928076796781
-7.00757274710156
-6.97904600286277
-7.01031061639937
-6.99755426479261
-6.9826375703096
-7.02136652001635
-6.99308815232797
-7.02410557863993
-6.97211470254758
-7.00959234743278
-7.01622155087244
-6.98946389065265
-7.01005957830707
-6.96419191774989
-6.98547792626703
-7.00415238455339
-6.97010182794007
-6.99482592244061
-7.01792274326507
-7.01117370947811
-7.01747565847105
-7.0023037561519
-6.99708095806331
-7.01175372080457
-6.99167216705152
-7.01157303700724
-6.98668860655433
-7.00486560326465
-6.98397401858293
-6.97291945562286
-6.98821812199466
-6.9726952050504
-7.00314976681211
-6.97990311734236
-6.98652143089376
-6.99075103425643
-6.98863153222982
-6.99429402327304
-7.00562298873368
-7.00206277949555
-6.99587665144221
-7.01103321811362
-7.01864418342496
-6.99679804598597
-7.0256937324149
-6.994207046414
-6.9565424128512
-7.00437304473532
-7.00326779867577
-7.01250025501581
-6.99757734466077
-6.9864204757965
-6.99944114275785
-6.98586861938417
-6.98972041446046
-7.01337482613446
-6.97968932759939
-7.01260537123297
-6.9943043867468
-6.98810057790993
-7.00118116144322
-6.98293324478438
-6.98597635402114
-7.01828206255423
-6.98003120169686
-6.98726866612599
-7.01560389258649
-7.00380164934654
-6.99163450091016
-7.00646643419381
-6.97655171410547
-6.99714042912141
-7.01556437870805
-6.9984625244013
-6.99054539661693
-6.99161275936858
-7.00697671068117
-6.99730760903391
-7.01666777942822
-7.00727658680793
-6.98617373322457
-6.98107339069761
-7.01390419445024
-6.98413324281417
-6.99223168250277
