Force
-1.37574271960221
-1.38080020049689
-1.38622949726787
-1.38642723595214
-1.38682337923629
-1.38335875593994
-1.04226092482381
-2.66971871315435
-3.19518648315184
-3.4617981433881
-3.38700685766093
-3.91109052044012
-3.68961793013787
-3.63425278420776
-3.6001334399529
-3.78464763301967
-3.88718545354579
-4.00827247618123
-4.07373945851739
-4.12873068296434
-4.14571129519695
-4.11427140795554
-4.40202219874532
-4.65307820337252
-4.79258967287589
-5.10381405928893
-5.30399856963051
-5.32229198465924
-5.48016930517645
-5.58602302850025
-5.71743826286283
-5.73098624274021
-5.78543910815317
-5.82697493371836
-5.84617656331044
-5.86899177193706
-5.91578572284069
-5.92583875031831
-5.89740729869537
-5.91912775106058
-5.97964014736439
-5.89830343185703
-5.96430444088582
-5.94179585070972
-5.96705953148465
-5.92880712679873
-5.9590536744929
-5.94416364315236
-5.93639941544791
-5.95146704866098
-5.9552939732837
-5.95090141865562
-5.94970366763644
-5.99643746309217
0
-5.9688425681269
0
-5.99262848352286
-6.00371163063066
0
-5.9864887404529
-5.97439048520258
-6.00554489512276
-6.0189897854286
-6.01691581609614
-5.99117430684771
-5.95814930393743
-5.99995447400786
-6.0133634407127
-6.03217576285072
-5.99903945345649
-5.96517629508562
-6.00690734819127
-5.97329598988375
-6.04046292544301
-5.9652382026714
-5.93745745076582
-5.98475904833565
-5.97458511519645
-5.97632483726394
-5.98281892425468
-5.97126824698533
-5.99561588978367
-5.95973792922344
-5.9806996165964
-6.0113193825659
-5.99305479931419
-5.96177569959806
-5.99985615556805
-5.98587215764061
-5.97683527501907
-6.03142661788825
-6.01465787384557
-5.97980742939448
-5.99087564321806
-5.94000488586079
-6.00375386045531
-5.97523202908244
-5.9586654862158
-5.99530816239596
-5.98431533676943
-6.01062260696929
-6.01536062349655
-5.9682248049649
-5.9862442341953
-5.98429218728692
-5.98411692171721
-6.01255873688287
-5.9940187670297
-6.00870926593927
-6.01012154148654
-5.99265525088243
-5.99695791247127
-5.98529467002711
-6.00367200675378
-5.9989993054372
-6.00267231898001
-5.99586361359378
-5.98192080274499
-6.00127729856634
-6.00004414405958
-6.02279594087131
-5.95925023956174
-5.98167348340675
-6.03511292164989
-6.02062412785681
-6.02395911646661
-5.99882515093958
-5.98192473127925
-6.00315708903778
-5.97984230835518
-5.99541501606783
-5.97903217985955
-5.99357708022451
-5.9885976561659
-5.97067018542418
-5.99510223124268
-5.99387432259205
-6.00520799378965
-6.02339931212379
-5.99517328427864
-6.01832182869053
-5.98562582889123
-6.01022871162483
-5.99870884553519
-6.00033413687321
-5.98651857180163
-6.0195677465886
-5.98412982861513
-6.00967593111745
-5.9972258438841
-5.99644522382194
-6.00793577595781
-5.97942784304821
-6.00964093092497
-6.00855661542566
-5.9913130172589
-6.010853796715
-5.99057925179578
-5.97040189219172
-5.98013066342837
-6.01821662063078
-6.02448749019087
-6.00713113887823
-5.99003604607866
-6.00322759138945
-6.01572176106006
-6.0160958895727
-5.98940565827269
-5.99444319475015
-6.00776347381845
-6.00473701278573
-5.9713124102918
-5.99359228240493
-5.99005739533936
-6.00698955297156
-6.0028506455424
-5.9851470547673
-5.9945535073011
-6.01124035041279
-5.99419169790287
-5.99220825096964
-6.01141518335214
-5.98780531179349
-6.00969524084125
-6.00972217422366
-6.00403831973805
-5.99073776095452
-5.9918533472985
-6.02418254815565
-5.98879773674386
-5.99220180315248
-6.00652351496007
-5.98501898886548
-5.99628206261717
-5.98186844002896
-6.00379824208342
-6.015336744643
-6.01133244432467
-6.00034176304754
-5.99855976349864
-5.99233454685809
-6.0031488703163
-6.00685812811488
-5.99528869786666
-5.9913463015333
-5.99724532892916
-6.00271421223293
-5.99087859284057
-6.00180546559283
-6.00498280000449
-6.01021862611729
-6.00983780408737
-6.0019209792918
-5.99518794868991
-6.01897462184637
-5.99253218074081
-6.01660424683197
-6.0004297873355
-6.00880691047983
-5.9898210501486
-5.99777356621614
-6.01030724474649
-5.98958009934801
-6.0020438742576
-6.00740601816996
-5.99450032210219
-5.98455761736872
-6.01596006996576
-5.99641744776399
-5.99350866298474
-5.99513522077552
-6.0046108821323
-5.99887497693616
-5.98368787813561
-5.98433674986929
-6.02089743140468
-6.00596710244001
-6.011810290618
-5.98606300733521
-6.00508697408918
-5.9953416792811
-5.99221241346413
-6.01423099412224
-5.97989532676928
-6.00363728419962
-6.00674572503421
-5.9762468057191
-5.99116093142598
-6.01213655965112
-5.99223069509978
-5.97740362722778
-6.01419350253936
-5.97186249305783
-6.0038103709802
-6.01241171715489
-6.00773603644576
-5.97444670301109
-6.01175980270963
-5.99276949125487
-5.99023983499942
-5.98226367499572
-6.02353775053819
-5.997744971979
-6.01278719643352
-6.02796774468388
-5.99507918109553
-6.00607778549742
-5.98503760009074
-6.00877627687413
-6.00532343628921
-6.0178533132376
-5.99613933078898
-6.00221761424294
-6.01169025865751
-6.00506077388017
-5.99842364906087
-5.99383906006153
-6.00575709484048
-6.00644102737416
-6.00007784467103
-5.99765779141932
-5.99610351791666
-5.98110941789512
