Force
-1.26657716989462
-1.27882383358101
-1.27262239079108
-1.27647697053313
-1.27996325012695
-1.26312941656002
-1.44684308933358
-2.82336369350819
-3.1016025993521
0
-3.68216960224759
-3.55783842466877
-3.49258376452788
-3.95054575941613
-3.73112414836965
-3.83672894759644
-3.87447837576249
-4.15973250337478
-4.70445949742585
-5.18828410298633
-5.44377243789817
-5.54207262101724
-5.76507651096863
-5.99720828586627
-6.09036768158492
-6.25966362378205
-6.47239944071498
-6.55945391828812
-6.65264691291257
-6.69924408919956
-6.76600167493194
-6.80531260067288
-6.8370065392061
-6.89432726531565
-6.91500451722218
-6.89415170866989
-6.92051848319976
-6.93526772419628
-6.92857725775161
-6.95621688690727
-6.95107937074541
-7.03539680776463
-6.94933622798349
-6.97728014939255
-6.95504121000273
-6.9748770858278
-6.95727381582345
-6.93612767991825
-6.95626693790038
-6.94138902849355
-6.97894141081949
-6.98339930147862
-6.96487121168115
-6.979517887718
-6.99044423992777
-6.98678589902978
-6.95459329154962
-6.98597511549263
-6.96758404645817
-6.97448063468443
-6.96966334291365
-6.97196458279455
-6.95366878650849
-6.97811853140067
-6.94760640788711
-6.95490443968947
-6.93779676690162
-6.91438576996176
-6.97777923650918
-6.96068434555157
-6.94858064381001
-6.94327835031696
-6.9517916318346
-6.99624769195548
-6.92463673225324
-6.97933609772624
-6.95670841742917
-6.97039500533239
-6.97644384080382
-6.97248319968521
-7.01907659606156
-6.98820959558373
-6.9655630930285
-6.93499056064192
-7.00798617107563
-7.0112171425653
-7.01264332911249
-6.97552829967119
-7.02194982800043
-6.98156799875934
-6.98978392549227
-6.99161947096533
-6.9771554804837
-6.97918136154862
-6.99588631884486
-7.00502469821295
-6.99148347104401
-6.98546572795023
-6.98912683543465
-7.17102959612176
-6.95193846797402
-6.99923272606459
-6.96503346332369
-6.97100087773571
-6.9903358317856
-7.01532098498176
-6.99249734106235
-7.00045567521215
-6.99701904625163
-6.96662672927917
-7.00022597242392
-7.00618343952774
-7.05135810335978
-7.03096038335518
-6.97367978029883
-7.02460899234267
-6.9845859373086
-7.05182518257345
-6.98098539589265
-6.98421009056023
-7.01624673292281
-6.97903572156281
-6.95067560807284
-6.96944224090387
-6.98639704654616
-6.98587304400201
-6.99320932428344
-6.98312410889904
-6.98710680649702
-7.01037426983631
-6.9927755370668
-6.98610498807476
-6.99349636498416
-6.97955523027649
-7.00084643636035
-7.01472798503056
-6.9890065065513
-6.99452467790425
-6.96940435273656
-7.04073639750343
-7.02063146423616
-7.01215359140456
-6.98880823876386
-6.99767923360614
-6.98349671472964
-7.00470647566412
-7.01392204726335
-6.99002066393104
-6.98613483726385
-6.98998348510879
-7.00106689791672
-6.99303765681054
-7.00969814450805
-7.02580413357018
-6.98805752133963
-6.99098553722832
-7.00615983538595
-6.96447163115165
-7.00269974773972
-7.00764727991861
-7.00340559516733
-6.98190575291265
-7.00375924360464
-7.01609919007969
-7.00782773817021
-7.00257385282429
-7.01816644095667
-7.01354713893265
-7.01230111736729
-7.01194107896413
-6.97696785517142
-6.98545306823873
-6.99101435233186
-6.9918887300525
-6.9762056260071
-7.00300536145359
-6.99596406037311
-7.02949978805636
-6.98868904724899
-7.02299898499122
-7.00008227794887
-6.99620661871027
-7.00064300862627
-6.98685678483471
-6.9946271042836
-6.98251990269815
-7.02387341387104
-6.99756037871796
-7.00082416071226
-6.96649919981335
-7.00056945441184
0
-7.00627090921304
-7.02489796664558
-6.99535682919163
-6.99905175990563
-6.99418468024343
-6.99632573326643
-7.0168212408256
-6.94942551048467
-6.98960524600287
-6.99395254572936
-6.97148255434145
-6.99746343390402
-7.00376789867997
-6.99784825293063
-7.01206481598872
-6.98454445242334
-7.01241918548402
-6.99318482542205
0
-6.99333502661169
-6.95528654733613
-7.00330172354064
-6.98141350207194
-6.99559172648341
-7.02195640870861
-6.99619897923153
-6.9964577810471
-6.9962392204016
-6.97676928513055
-7.0052938588005
-6.99474416523452
-6.98571298077637
-6.98680870843558
-6.99174682688282
-6.99962511270759
-6.97768677755
-7.00323065653859
-7.01487164237181
-7.00198307269426
-6.97231335781126
-6.95185457881353
-7.02800299220823
-6.98294530127189
-7.02147029970243
-6.97199497039246
-6.98062554320121
-7.01469917305276
-6.9991186026308
-6.99359826534141
-7.00251445506786
-6.99793765816218
-7.03431082175247
-6.98346340830097
-6.99458571929351
-6.98714204837241
-7.00296824071687
-7.0108591814676
0
0
0
0
0
0
-6.9830300362102
0
0
0
0
0
0
0
0
-6.97385991650343
-7.00158168119365
-6.95667067140806
-6.99297096409266
-6.97286556478277
-6.99503376525425
-7.00343236196191
-6.96913711347671
-6.9923353496384
-6.99537382623635
-6.98539887412655
-7.0291654702819
-6.97222040037661
-6.99483944939855
-6.9994358094409
-6.98563207333671
-7.02147349720535
-6.99817126853896
-6.99638647121234
