Force
-1.76178647075597
-1.76068769913823
-1.75681308360066
-1.7578259123742
-1.78464545854564
-1.77109498117991
-1.38945864844226
-2.88738126438155
-3.17473194539052
-3.68833292725443
-3.54114613371289
-3.56080842265372
-3.59539829635631
-3.67751904968149
-3.96027064213396
-4.02879470538556
-3.92567242372829
-4.00244589640318
-4.57897904498145
-4.68659470967175
-4.86689314591334
-5.409979094994
-5.65136984053868
-5.90969679713628
-6.03056340973506
-6.19360944435631
-6.2196257195224
-6.31118617691485
-6.43856641268062
-6.47943511519552
-6.58472285799253
-6.70362191249154
-6.75433881532333
-6.76928295668291
-6.77261336145947
-6.80756339957103
-6.87859566595705
-6.86538162654988
-6.90802782444186
-6.93267298402233
-6.93223349146516
-6.95845264246677
-6.99064355851653
-6.92568764785017
-6.98818560696772
-6.97816362786825
-6.93331804598807
-6.98683020958364
-6.98097990825608
-6.97769321609178
-6.99754211677263
-6.96170203394877
-7.03769954559405
-6.99635801416064
-6.99347003144611
-7.00562556810799
-6.98838327705809
-7.01021129843491
-6.97907712449928
-6.99087155116807
-7.0072239830145
-6.97282231554098
-6.98960105063005
-6.98199122028334
-6.9677093985518
-6.99957761539003
-6.9760919024143
-7.00406688016687
-6.97917951979588
-6.92967093793668
-6.96774726382207
-6.91941355128053
-6.96457126753156
-6.94747564112885
-6.95826682015143
-6.92821395594906
-6.98759867213958
-7.01386118304078
-6.97561279616561
-6.96902136092864
-6.98661991546154
-7.00493208530535
-6.97884556226471
-6.96958202396203
-6.98766208802154
-6.98649135687386
-6.99960196274735
-6.95394884140972
-6.98498149949957
-6.9804320767205
-6.9476121429874
-6.99540827138195
-6.99940493025649
-6.93932019875251
-6.97695423263901
-6.97398576157221
-6.97831692830171
-6.98520539570453
-6.97976443128715
-6.97357144635638
-7.02900990853307
-6.99333027912913
-6.99107555521977
-7.02473885347815
-6.99956903306454
-6.98582996004524
-6.99807304311385
-6.99120410468277
-7.00608504429466
-6.98844974217734
-7.0094186484451
-7.01690451429989
-6.97182956418445
-6.9893260493347
-6.93845361184887
-6.96341038138504
-6.97881942454447
-6.97967859190775
-7.01269399693803
-6.99179548475559
-7.00375206641875
-7.00215532400555
-6.98569763501633
-6.99292712612668
-7.01389863604755
-6.98340708136047
-6.98749594465781
-6.97855091130359
-6.99358207797232
-7.00137454860771
-7.01758790319971
-7.01046332093104
-7.00238364348449
-7.00337929388446
-7.00713380288705
-6.99642412325711
-6.98792328787148
-7.00170512381742
-6.98662977527723
-7.00380683514876
-7.00902787407413
-6.99892752372635
-7.01592769973103
-7.04630508739664
-6.99229757087637
-7.02591009275419
-6.99849896399803
-7.00294429199636
-6.9771307953934
-6.98934172007236
-6.98534139693409
-6.98782009882558
-6.97377756651272
-6.98145300291653
-6.97707274769251
-6.9657582257702
-7.00063036628215
-6.96551738803335
-7.00023503899125
-6.98704733315158
-7.00409583776075
-6.98745734662924
-6.97346986862701
-7.011697651626
-6.99602989405057
-6.98618483133479
-6.9817154478358
-7.01185862048132
-6.97624731981937
-6.989457083312
-7.00694137253316
-7.01482468103419
-7.02183804756792
-6.99455997966754
-6.98765933516488
-6.98173344506401
-6.97121360545043
-7.00609097341481
-6.98412634998608
-7.02488379515487
-7.04959528296843
-7.00260558336472
-7.03285299682517
-7.00551260137855
-7.00989618875881
-7.00835213234644
-6.99823726741805
-6.99699358506301
-7.02731329830913
-7.01351174969075
-7.02455957718356
-7.00112067529637
-7.02258429872682
-6.98687849438593
-6.98249282103035
-6.9658382988012
-6.97944405986742
-7.02352383896061
-6.97263232929738
-7.02920242607634
-6.97470283155096
-6.99594878759569
-6.99508159164495
-6.96188534125749
-7.00964886289743
-6.99058005227871
-7.01144677356657
-6.99582003693379
-6.97514298634865
-7.00657002900757
-6.9815204397723
-7.01389899314188
-6.99388776779367
-6.97976003326226
-6.98478798565817
-7.00987690577507
-7.02500598290671
-7.01416358950997
-7.00465520097822
-6.99875485642613
-6.99738037493774
-7.00615955107333
-7.0179167194115
-6.99414687771575
-7.01713473139457
-6.99541702419019
-6.98912869586318
-6.98649625913619
-6.97775074752493
-6.99704264589788
-6.97010265158192
-6.98313716340291
-6.97838748039107
-6.95134168034904
-6.96080497604489
-7.0004214243396
-7.00912576117252
-7.00419157708752
-6.99652345839562
-6.99929472755392
-6.99289403802363
-7.01449976133916
-6.98773665850791
-6.99868135524946
-6.97332359170891
-6.94663538880935
-6.99069505825807
-6.96297519918253
-6.97491762836064
-7.00511701717726
-6.99287066637335
-7.01601367033832
-7.00728401955794
-6.99560073104197
-7.00082303407279
-6.99294027617338
-7.00059302994063
-6.9893961495461
-6.989808538014
-6.99278995946458
-7.00095154154612
-7.00102153953246
-6.99963022093034
-6.99570417589755
-7.01211495193369
-6.97471715489458
-6.97116891452603
-6.97215185233043
-7.00705567987222
-6.97953625520794
-6.99469397383705
-7.0132596576098
-6.99566520394945
-7.00898573283446
-6.99119310411374
-6.9947880695957
-7.00088896370589
-6.98656118192765
-7.02603528678286
-6.98788124480105
-6.98842548480512
