Force
-1.55304407582929
0
-1.54710054143789
-1.54981864308529
-1.56533354365291
-1.55165663067706
-1.55615708295712
-1.12774204419121
-2.55208421901351
-3.1280981338874
-3.16734762065419
-3.46728017070551
-3.26362736754934
-3.55124128689005
-3.82007105902051
-3.50865715514068
-4.02504884078195
-3.84538943175183
-4.15411846470219
-4.69556650604124
-4.95472788843323
-5.28502691039068
-5.31344536367948
-5.36180806989984
-5.78308340091589
-5.97330854728082
-6.21619533713927
-6.32959099649271
-6.43420924933046
-6.66324697325661
-6.64748588577062
-6.75158622533503
-6.77956795719688
-6.78403576900291
-6.83126897214894
-6.86228874588246
-6.88152388859316
-6.93109527882471
-6.9429125662703
-6.90705576184589
-6.94682213095487
-6.94501309961228
-6.94496124979386
-6.94878666491051
-6.96156906501238
-6.93424238940352
-6.95683101212984
-6.93616432562416
-6.95608610488094
-6.95967083632444
-6.98477605501049
-6.94875676239559
-6.96687693879086
-6.94332647495367
-6.9548451936151
-6.9663518959727
-6.96505159004353
-6.97072959125897
-6.95716358792923
-7.03360552226921
-7.01611990663232
-6.98971036784303
-7.03577886617513
-7.02076589245598
-6.98450902579557
-6.99508793248102
-6.98527722172218
-6.98697331434872
-7.00545893607168
-6.96787981662636
-6.96406947219978
-6.96684092897728
-6.91012751049172
-6.95681694143267
-6.919245677739
-6.91164854418944
-6.95585374983302
-6.94268883606247
-6.96876657411149
-6.95937504258104
-6.97722771160002
-6.98734308779198
-6.95561117279253
-7.01224677740277
-6.98899798476156
-6.98877538363722
-6.98881495601175
-6.98020552865098
-6.98876205799826
-6.89512662674182
-6.96986398728269
-7.01334709769943
-6.94881137909092
-6.97532660374073
-6.98488276656126
-6.99160115546434
-6.97312774997737
-6.98887933532828
-6.98827264936682
-6.95898637486565
-6.99923501075889
-6.96917157794291
-6.98474310051649
-6.99123582742234
-6.99934090126568
-6.98333959681282
-6.98576244963964
-7.01898944205878
-6.96944843660646
-6.98373576657562
-6.9650175599715
-6.98667288051646
-6.98975109401385
-6.96001805149964
-6.9841308123652
-7.00473037898112
-6.99609692059631
-6.99311287849994
-6.98895758147212
-6.96397780465755
-6.97868069208947
-6.98017027469076
-7.0147963364477
-7.00432142534715
-6.95339754636004
-7.01844446014295
-6.96832550836203
-6.95860318243519
-7.0131041450159
-6.97335174830414
-6.95440994294069
-6.9698064715235
-6.96790155774673
-6.97966971416123
-6.95212747703218
-6.9370565151952
-6.96096010516945
-6.99243339726909
-6.9868911748561
-6.94806369210519
-7.00149235387016
-6.96989594997866
-6.99727693885539
-7.01157926219425
-7.02148332372043
-6.99879609380915
-6.99400498934157
-6.99498931355012
-6.97092988107257
-6.99286402577454
-6.94451999667375
-6.96889574643589
-6.96803476999558
-7.00965243560632
-6.97680007526128
-7.00662480714942
-6.98993136402687
-6.97999099985979
-6.9838409453773
-6.99942316071442
-6.99349823402682
-6.98677270192832
-6.98695365430994
-7.01251784628765
-7.02616792445923
-7.00470929189705
-6.9925143124182
-7.02470232975026
-6.99712500029278
-7.00405301570338
-6.99652300116885
-6.99977861052798
-6.98237890931536
-6.98248640445284
-7.00278172420159
-6.98326122472549
-6.97410627632736
-7.00167652513215
-6.97435849307625
-7.03327297679539
-7.00787666358024
-6.9954898515188
-7.01675898162903
-6.9898783445504
-6.98900801321219
-6.96692106625463
-6.9683212356251
-6.99233250814627
-6.96338186609961
-6.99720461433364
-7.00804803845245
-7.00630171844458
-7.00023671721488
-7.00558154652686
-7.00217500872562
-6.99652761744603
-7.00138123441071
-6.9719805808074
-6.96895310321401
-6.99374768649765
-6.99121272901856
-7.0099747590607
-6.98526078449841
-7.00225166702839
-6.97645185536915
-6.99142837774384
-6.99341253943005
-6.98319863631657
-7.00756701873502
-6.9743853644159
-6.98109590960318
-7.0080944542043
-6.9862491846519
-6.99114387266565
-7.04085437124529
-6.98657243716167
-7.02699965244151
-7.0077378212943
-6.99443169138805
-7.00795526002593
-6.97168368652303
-7.00082998437883
-7.02306662113737
-6.97687793517878
-6.99269835794964
-6.99025389952699
-6.99507210990032
-7.00764533154735
-6.997260768447
-6.9997917846725
-6.97984481292685
-6.97053065843111
-6.99604666615189
-6.96630727347135
-6.99567606836724
-7.00216006603619
-7.00252614363518
-6.97186615796758
-6.99012808703063
-6.96192093194463
-6.99967509891891
-7.01142875694174
-6.98812420174986
-7.02278594093158
-7.00407817275409
-7.01507906046521
-7.01784503769953
-6.97552900807325
-6.97499763583108
-6.98231626627545
-6.96585115149952
-6.96896737830595
-6.982344959754
-7.0166846868536
-6.99669868776151
-7.00588896691633
-6.98031686181078
-6.98000828702467
-7.00586350572672
-6.98437876923166
-6.98687108447474
-6.97804859561241
-6.99193821149557
-6.99522986027076
-6.98149545628938
-6.99679805505763
-7.00646575810372
-6.99722945278736
-7.00144799496625
-6.98864433632472
-6.99750676780037
-6.97162445106613
-6.97864502706804
-7.01254927132741
-6.98468867388761
-7.00220837311257
-7.00021561728029
-7.0340665800706
-7.00095974126877
-6.97004333650316
-7.00013293897752
-6.97970483187423
-6.97602993900598
