Force
3.55677992687764
3.56011673583444
3.56308101842876
3.56612362307364
3.56920674899574
3.5731697276312
3.58936343996834
3.76770543157605
3.5772230270201
3.58174455691823
3.58577648350587
3.59266339574711
4.67806436593327
5.25770198140604
0
5.25841920386963
5.25949792407384
5.26034547851913
5.26161968729726
5.26251716072729
5.26427407336475
5.2666184418536
0
5.26942221560419
5.26781996482674
5.61449151866793
5.82852085265796
5.86613756818631
5.86486308450058
5.86721742529429
5.89819921864957
5.8975635987316
5.89845677000039
5.89580933254518
5.8954440597721
5.89511884254083
5.89541996694249
5.89654863650252
5.99429404002535
5.99468830930008
6.13841430842204
6.1714445326472
6.17053652464217
6.17064992197495
6.17106854711777
6.16770843474951
6.16781268912192
6.17125048885895
6.16718790961203
6.16721029240549
6.16736132102693
6.16747273492869
6.21549618756576
6.27030926313033
6.28418548973781
6.28458297863893
6.28467417721531
6.28487641381166
6.28485457079409
6.28491630462849
6.28512299121008
6.29003045223424
6.28497311370188
6.28488414395733
6.28504902674235
6.2852204330048
6.29585611330698
6.31048308594638
6.31016274437877
6.30903626336543
6.30924783605843
6.30931482677782
6.30987161218632
6.3094961929711
6.30884847970036
6.30917605673698
6.30882280173123
6.31546179621533
6.31751949424848
6.31516333156093
6.31509443419198
6.32003184158133
6.31948962324465
6.31921709111554
6.31962886731329
6.31913108550174
6.31949042788565
6.31946398261901
6.31939912436075
6.31950417599096
6.31952194334716
6.31975829338874
6.31918633171384
6.32064049572686
6.31537074673422
6.32028832540052
6.31296968628626
6.30915887806512
6.29652413016754
6.29596794841278
6.2958789379298
6.29591491592854
6.29652600429975
6.2963286785656
6.29656022832348
6.29596214119857
6.29634440790566
6.29598103432067
6.29635021066037
6.29673876599031
6.28812598227374
6.2882447858301
6.28009993134235
6.27981738984978
6.27980126050735
6.27980378330239
6.27973268502372
6.27981531552542
6.27975712587057
6.27969874235896
6.2798224726031
6.27970976691636
6.27569770546801
6.25062126755648
6.25062683882742
6.2506705603445
6.25067713764092
6.25066305485112
6.25080085668677
6.25077811313459
6.25076895588769
6.25070939864872
6.2506906038545
6.25076130193892
6.23177085013848
6.23184281152659
6.23188966632908
6.23163863276105
6.23157094846679
6.23173132389787
6.23183967462454
6.2317953104666
6.23174062919227
6.23168066429958
6.22854146876949
0
6.23578228145567
6.23592759519553
6.23593718342177
6.23607969044434
6.23613265843323
6.23609682727635
6.23614722694054
6.23616168590245
6.23614113529045
6.23618108173164
6.23619041703096
6.23599054450625
6.2356735725763
6.22627240874423
6.22619259199608
6.22643755324377
6.22637602568513
6.22640011022567
6.22622614829305
6.22611929274599
6.22600889459996
6.2259631793862
6.22598591555193
6.22586989196195
6.22600030014147
6.22591815135643
6.17659882928503
6.17641673258675
6.16807893373534
6.16801539618032
6.16806581801738
6.16793500192749
6.16802835068696
6.16796833535817
6.16805440389146
6.168235812618
6.16742888625599
6.16743217361274
6.16739422094892
6.16890531531398
6.17078763622015
6.18070637266424
6.1806996458468
6.18071187606229
6.1806721463137
6.18072460314598
6.1807509499161
6.18063028241056
6.18060239822079
6.18087929770499
6.18073250013975
6.18069651151519
6.18093285173926
6.18196330045032
6.18157863040028
6.1796648490905
6.17964274689711
6.1797307060094
6.17454079247302
6.17334107014537
6.17339093776989
6.17399512823346
6.17333023065623
6.17365591788321
6.17384069218284
6.17380441189134
6.16453594784079
6.16459091611143
6.16478310365738
6.16438822819775
6.10186616313277
6.08080248477151
6.08069948335915
6.08085803019971
6.07996432638951
6.08014708207756
6.08024348564218
6.08016242296998
6.0804901362299
6.08016523231269
0
0
6.07592467236694
6.0752804731627
6.07561428780571
6.07586567394521
6.0765109914241
6.07639943106458
6.07612824881297
6.07629503294702
6.07634332029065
6.07632069373819
6.07638280633191
6.07622002685756
6.07627703716145
6.07612824896541
