Force
3.79651679105342
3.87255941857716
3.8747940366033
0
3.87554784826521
3.88544190837369
3.88743634349808
3.87817123323789
3.87691530338527
3.88017941124849
3.88225925724194
3.88374565018176
4.43414746215854
4.43519828704583
4.43695033102596
0
4.43893926515943
4.43853991203655
4.43773920215533
4.44119467298817
4.4404158411491
4.50285668004153
4.44154040892449
4.43973873414343
4.58310345251643
4.65116233565113
4.62897533782344
4.75490340460143
4.7548119660155
4.75506172986467
4.75768820599784
4.7576828603797
4.75727378576763
4.75711363282292
4.7574770157226
4.78505598222713
4.7846893708565
4.8047492507731
4.78500903552071
4.76322411544763
4.7844501495132
4.78469121052697
4.83268383255401
4.83252016872861
4.87254666706935
4.87282617493785
4.88071437942255
4.88044101817801
4.88034743863896
4.88019561022456
4.88005772842344
4.88022958220762
4.88363672719581
4.88787299995264
4.89600144289553
4.89647422838125
4.89645288110463
4.89633625127655
4.89610245356939
4.89647292213155
4.89614625978383
4.9032554975734
4.90328474974205
4.9035794906736
4.90370177051804
4.90354187399539
4.9034768768227
4.90731281304317
4.90758892250412
4.90765216563995
4.90872671934643
4.90835590478369
4.90863591486739
4.90811247179458
4.907997196702
4.90783799549559
4.90754237908796
4.90837895317571
4.90941019605831
4.91000201341417
4.90607943210112
4.90598923345762
4.90594734178052
4.90612882804376
4.90591836537877
4.90528119389282
4.90570863874063
4.90531716990891
4.90586798930999
4.90510577563826
4.90502510874112
4.90514906508171
4.90015800006648
4.90006119690545
4.90004157380886
4.89983098069927
4.89988913992152
4.89979381770684
4.89992712737047
4.9005576972723
4.89979165868888
4.89974934774043
4.89969976718232
4.89978211259592
4.90208093947458
4.90131649919234
4.89076490902131
4.89062668323971
4.89079273906254
4.89121001787476
4.89091712917669
4.89057355303035
4.89103162523278
4.89134418790014
4.89418186112321
4.89397835663949
4.89392197005839
4.89407958810215
4.89401893794562
4.8939014572046
4.89349556629033
4.88129911158618
4.88145132518938
4.88156938039676
4.88151485854419
4.88151993773553
4.88122381102505
4.88145153719266
4.88143513057552
4.88148299382053
4.88144624116565
4.88129566826293
4.88111817744298
4.87711003046878
4.87707333767597
4.87717712836323
4.87697383583735
4.87711743458885
4.8773149281972
4.87703475354464
4.87710942843786
4.87732204941981
4.87731564774729
4.87744810598179
4.86362999040073
4.86383431150277
4.86399298040629
4.86376710336687
4.8641941103181
4.86395060827837
4.86345459202459
4.86374914366516
4.86371556320532
4.8635455723852
4.86362169632728
4.84972158675268
4.84962913067121
4.84976420430857
4.84969917260791
4.84936179426222
4.84977914272358
4.84980401364011
4.8495110613835
4.8494242428709
4.84974240407746
4.84949795043097
4.85182657876278
0
4.84431778330551
4.84432284481166
4.84457165599003
4.84468300508624
4.84489819838128
4.84459843804707
4.84449631326654
4.84475317896816
4.84483296594968
4.84495952697824
4.83836118636247
4.83594001148279
4.83578399505361
4.83605120413667
4.83578947813106
4.83578113021621
4.83588965123288
4.83046658288278
4.82887328577564
4.8288367718105
4.82865110133516
4.82844671200275
4.82825386658826
4.82827096498675
4.82806494611353
4.82854596139447
4.82856312230906
4.82810286207895
4.82831812713898
4.82181579872763
4.8209061864985
4.82117644649303
4.82131829053821
4.82128487854442
4.82116684143481
4.82140702666511
4.82144066800071
4.8209473840412
4.82151484496204
4.82092326639343
4.82120312473588
4.80704067573737
4.80499551481249
4.80498427970402
4.80492369920954
4.80509680772582
4.805159545441
4.80506085517868
4.80492289042803
4.80487284921407
4.8050317415356
4.80511118718985
4.80514232149302
4.79606501062759
4.79613976774267
4.79613312523697
4.79513054593791
4.7951053976118
4.79502103488128
4.79588396701322
4.79514673287581
4.79499226397667
4.79571460286721
4.79577649526125
4.7956062804126
4.79559272402646
4.79427506394519
4.7958097366705
4.79479320461383
4.79389747253568
4.79567854050664
4.78267158955166
4.78277586978996
