Force
3.77500236776191
4.5268631113745
4.53617083383285
0
0
0
0
0
4.53165285158866
4.53836808712412
0
4.57770062874489
4.63871551917067
4.53376544458525
4.85342690607162
5.08361209723175
5.11108021964859
5.1113821375351
5.11147809986324
5.11165160374965
5.11138455725989
5.13928689948698
5.13659583621026
5.13723724344938
5.13794206147654
5.13854218195643
5.1388963289456
5.29950889088435
5.29942133299876
5.29895976776435
5.29867536245942
5.3002145181844
5.29848453665192
5.29837901857292
5.29852213494142
5.29918246553053
5.29978369046655
5.34064551599533
5.34080922378008
5.34080048436718
5.34110527540631
5.34113067285078
5.34130364179922
5.34157663632821
5.35104533505331
5.3415811787591
5.34182709745441
5.34189849009301
5.34183017563322
5.36534145124054
5.3649772313037
5.36473751769408
5.36472668677566
5.36396558662095
5.36455341449336
5.36436132531994
5.36454648290988
5.36500841279268
0
0
5.36623169249191
5.34828603945438
5.34882260941861
5.34898632633271
5.34853035241364
0
0
5.34897688305337
5.34779326818246
5.34480564724946
5.34453705349012
5.34435308838392
5.34465357690818
5.34519739191093
5.34541270441565
5.34501066679632
5.32936553954463
5.31730088851414
5.31847500558349
5.31825051551952
5.31832431415266
5.31852876695333
5.3181593957043
5.31848494233328
5.31839024270957
5.31854857277959
0
5.3183668255178
5.31859398583767
5.3028459357458
0
5.30012720872178
5.29977391585781
5.29963307069376
5.29932465119806
5.2990947386636
5.2991564827209
5.29909033327178
5.29970851556014
5.29933441769201
5.29989158184998
5.29943673289756
5.28204146492977
5.28178241671822
5.28191603418105
5.28169353415996
5.28172629744772
5.2819034525148
5.28180941126491
5.28162067412924
5.28211272607721
5.28199809092306
5.28182495336975
5.27474742987424
5.2722081384382
5.27287134067605
5.27296334748435
5.27303636762598
5.27238680936323
5.27271350003786
5.27239693900275
5.27251140576772
5.27246035965955
5.27284793338936
5.27266634103296
5.27258345424038
5.26993084332104
5.2597540360939
5.25983498507729
5.25978898869354
5.25950607088502
5.25967925910059
5.2596953741236
5.25962584692535
5.25957732189323
5.25960509768863
5.25958270806713
5.24360351280323
5.24367730128934
5.24381402534771
5.24309316040652
5.23934354719559
5.23953450381801
5.23943045679925
5.23956686292097
5.23953689750683
5.2397110932277
5.23918397196636
5.23959199843293
5.23944632280708
5.23900910975114
5.23904913090381
5.22194373602128
5.22151022647441
5.22151005065695
5.2210837581269
5.22062963121677
5.22015174575562
5.22023866494459
5.21960984999997
5.21407889507648
5.21985832611131
5.21975108825292
5.21970836919568
5.21181205430495
5.20370854224443
5.2045523422428
5.20150862476087
5.20155224461814
5.20111868616883
5.20114812481676
5.20138972729642
5.20132802194589
5.20106757843985
5.20126441799726
5.20102507338087
5.20231314102411
5.20234558667388
5.19162726554611
5.19091012601453
5.19095529706938
5.1910012712153
5.19112830040608
5.1910858344361
5.19120701452796
5.19135389275481
5.19123983377527
5.19135112388895
5.18925440059877
5.19287950878827
5.1911519147982
5.19088405464441
5.17380116628844
5.17379505991279
5.17384628482662
5.17428187865691
5.1743224780839
5.17410314381678
5.17421592643397
5.17429352314141
0
5.17534645150856
5.17431069110064
5.17427084154717
5.17444051547605
5.17413219463006
5.17533398831555
5.17420173494997
5.17425553215037
5.15385366180609
5.15382869505987
5.15387916013738
5.15276712629035
5.15284878668457
5.15230714755856
5.15236714039341
5.15214595012512
5.15226089557999
5.15244724983019
5.15254046679026
5.15762884256636
5.15748550458736
5.15758412762731
5.15733968709156
5.15709171335733
5.15772990261017
5.15768629923407
5.15764440128256
5.15747881359815
5.14965347415897
5.14961896672303
5.14966866536873
5.14970565306547
5.14967729184416
5.14961346997984
5.14968199131778
5.1499722025325
5.15038291242768
5.15009519772995
5.15028404854597
5.1503376985162
5.15038816940694
5.15018120495554
