Force
2.95721194220224
2.96118192252507
2.96998810032941
0
2.98990712720196
2.98642914114826
2.99290952394331
2.97784197921302
2.97391718008441
2.9813530196962
2.98407797748002
3.23710457575861
4.02963717063047
4.1165045940347
4.3608734468466
4.36117617707135
4.36152577694844
4.36757131142081
4.36666456058115
4.36902021074173
4.36513731981481
4.3641918670737
4.36357685104529
4.36251431544433
4.36590714140331
4.41967276770982
4.51005708512463
4.7806078806365
4.78121870858669
4.78157300939957
4.78207978915156
4.78261885382471
4.84367053227637
4.84508858316498
4.84663047987088
4.84711241302218
4.8482878981549
4.84882280958446
4.84942083247898
4.85092483293891
4.85998510147081
4.84988143862931
4.84960892368133
4.85126620783093
4.85250210402123
4.85914749620995
4.85020409218092
4.88078329067166
4.92161160191502
4.92179473215667
4.92150909703547
4.92137652770492
4.92107336677702
4.92086723400595
4.92047032479124
4.92059289366865
4.92049299925602
4.92315565196674
4.92036748226257
4.92095149409901
4.9233142694645
4.91574265529417
4.91585424708648
4.91552216042835
4.91523442414146
4.91600194016526
4.91589235124534
4.91597772936252
4.91573099105928
4.91563123768672
4.91634243823855
4.90906314740151
4.90893620611055
4.90926756912766
4.90853576025058
4.9088389755205
4.87789497138838
4.87745187720864
4.87197248227316
4.87014791775407
4.87357658438392
4.87388453262333
4.87130132712676
4.87181253411391
0
0
4.87227889017342
4.87287442929239
4.87111011929272
4.87345266241915
4.87384424953033
4.86224003525364
4.86199660006535
4.86259025944996
0
4.84222386798009
4.84199425087027
4.84171567450128
4.84129698426488
4.84109427426632
4.84125404933754
4.84096225685946
4.84132448620035
4.83317306416316
4.84131617982056
4.84127965114343
4.84141221991024
4.81816194695995
4.81825853236852
4.81831736151211
4.81846906164681
4.81841611378179
4.81801423178274
4.81938678409377
4.7903056646284
4.78996590501511
4.78927205725024
4.79078405456249
4.79041179580682
4.79105503192306
4.78969524364989
4.78946960682236
4.78933752302422
4.78929885477443
4.79009075963325
4.7766921023903
4.77663099410922
4.77663062183171
4.77653491065651
4.77659365045385
4.77692082154105
4.77663464333897
4.77679683203922
4.77689225437667
4.77692786364585
4.75734596543576
4.75750248053019
4.75752075083459
4.75210310619306
4.75236788407049
4.75242734690455
4.7524866702591
4.75251706404829
4.75242905076285
4.7525134752453
4.75257233585319
4.75267712361762
4.75259826510247
4.74195458200191
4.74195637046883
4.74213659656542
4.7416958137392
4.74175938440465
4.7420541534506
4.74166413134944
4.73980349006702
4.73975295246831
4.73994848203805
4.73976083215872
4.74003402887409
4.73993946384194
4.73989947356746
4.72795659643465
4.72777726270806
4.72601172386683
4.72607204742629
4.72594502549831
4.72601493206735
4.72601749769278
4.72615055244425
4.72585883778222
4.72591785686355
4.72600243274415
4.7260712068574
4.72597362519073
4.72082188661029
4.70990483361436
4.71011677274074
4.71015623799435
4.71002624986371
4.71001813777553
4.70993628449819
4.70996916846636
4.7100759543838
4.71001803989887
4.70994013040051
4.71021811171969
4.70640906368849
4.69782696081521
4.69760330961957
4.69751087834413
4.69755898836937
4.69763929413683
4.69762800747524
4.69750654481877
4.69758079710477
4.6976636911368
4.69602835891342
4.69751545544474
4.69754929635032
4.69626822659316
4.69267450567284
4.67817430234444
4.67827158760651
4.67828498723523
4.67864213080261
4.67887947481645
4.67834381421793
4.67832432050423
4.67838212164411
4.67808442706527
4.67837972879055
4.67856758685157
4.67553796679308
4.66229963350691
4.66224925386529
4.66232232103127
4.66243712680066
4.66152006660468
4.66239912985251
4.66160484902779
4.6618253598694
4.66226267821663
4.66154078188699
4.66168241620835
4.66246640895126
4.6575776702129
4.65144081645634
4.65137181194342
4.6514522828715
4.6514889856005
4.6512373103738
4.65124360814625
4.65136203805431
4.6514063608538
4.65151166270627
4.65118478179464
4.64776641776454
4.64784157513816
4.63278989495101
4.63290681546673
4.63306726819367
4.63120773733458
4.63132204537521
