Force
1.16495623669701
1.17019733246935
2.99733011585427
2.99377255688704
3.0008519779285
3.50428241229724
4.06967350666821
4.071760378651
4.07452238676713
4.09239059070702
4.09014143962523
4.0877345953467
4.09473803015375
4.08539991207415
4.08330160761448
4.08031263509117
4.077637677268
4.40144803102364
4.40035502884338
4.74786302877156
4.40284607960599
5.00219153938415
5.00230920190902
5.1020638129149
5.32093454261441
5.32113571124424
5.320351016451
5.31997090864339
5.32028439027674
5.32159875085177
5.34652905366373
5.32048343783237
5.32081056752954
5.32126146746105
5.32150530940232
5.3215403326684
5.57719169927289
5.5773585266271
5.57736036224077
5.57751910145568
5.57631084857497
5.57605810977243
5.57599729384969
5.57685150655713
5.57676203699689
5.57617035051164
5.57594322277559
5.58068913651952
5.58076003483928
5.5802604825856
5.61679562520718
5.60828238079998
5.60904604180387
5.60966323801074
5.6109725623555
5.6134470255315
5.61294054628157
5.61222352495938
5.611643322261
5.61109210579187
5.65009126127385
5.64965750278378
5.64866032961477
5.64818348302547
5.64203613538409
5.64185094343852
5.64194170289903
5.64232802691411
5.64281597292684
5.64386068779194
5.65471581394897
5.64454058245048
5.64489301620394
5.64523582006552
5.64725857719949
5.64635141155255
5.65913032128243
5.65911681041491
5.65887948182132
5.65910677478132
5.65913038617919
5.66170241250204
5.66200272219729
5.66167871393612
5.66210220440142
5.66200775744619
5.66195560056719
5.66184895500927
5.66350629345976
5.66116481972516
5.65199394058752
5.63044733202245
5.63056202513705
5.6304328420591
5.6302582686509
5.63062135809242
5.63079828791811
5.6306535234239
5.63047327267419
5.63044490350516
5.63700863605135
5.63720962687287
5.63712490416665
5.64408511693108
5.63852748551416
5.63697820549861
5.63577353102588
5.63465719301475
5.63362752387564
5.62663495190096
5.62887437242457
5.63042285364003
5.6322891755274
5.62505228847225
5.63253394214922
5.63158388761847
5.62724405649216
5.62725690870805
5.62760818474075
5.62174667225101
5.6221372407895
5.62211799043674
5.62196713088357
5.62181599635968
5.62214116958936
5.62431278771037
5.62343080398548
5.62359441059262
5.62386869935933
5.62429645396532
5.60497502343148
5.59696397999178
5.59744461976907
5.59804355173566
5.59838359043568
5.59860614615842
5.59904493201025
5.60220575150144
5.60345029020847
5.60132271855376
5.60035131058762
5.60253146031379
5.61140790704742
5.61150655462708
5.6057933449402
5.61024908473716
5.61086161131827
5.6112332609124
5.57861246557935
5.57667019092901
5.57647543758915
5.57700398112346
5.57686445553872
5.57668875316913
5.57826250624623
5.58385418764165
5.57823873021068
5.58363736513133
5.58345030314948
5.58340889018691
5.57973425763268
5.57816779010187
5.5837246903425
5.56041925619474
5.5647026299293
5.56501171419128
5.56502940466408
5.56510967475959
5.56497540093348
5.56414724785956
5.56415516704445
5.5643682580021
5.5646429792785
5.5646600847009
5.5617139150217
5.55621677363521
5.5563780856513
5.5565477033351
5.54451005034761
5.55624499888982
5.54516443924742
5.54530331018629
5.54494828535323
5.54158853262075
5.54139977871347
5.54117815775579
5.54121593116092
5.54121413053403
5.53846993218931
5.53832374195754
5.54128979695188
5.54121198719623
5.54139973523109
5.54133358517466
5.54112352310615
5.54035129939725
5.54051623835517
5.54005646019973
5.53933349063716
5.53535390373838
5.53526220182751
5.52409183851168
5.5240467917725
5.52381557760638
5.52348062858119
5.52338849961193
5.52322768268451
5.52148837726506
5.52145626911325
5.51776479626195
5.52281816348873
5.52224356592846
5.52197993037246
5.51645032275381
5.50645667995464
5.51425441279543
5.48342979475089
5.4590646176884
5.45890264823327
5.45870296047904
5.45849788302603
5.45829456137729
5.45736370146942
5.45808879410922
5.45535234677508
5.45629622184083
5.45543733000798
5.45684127909899
