Force
3.27572264602103
2.3310851134918
6.34735764908791
6.58397814483471
6.58832660540237
6.59257447981345
6.5971706766163
6.62460199425159
6.62931579363866
6.60703832331793
6.60228136072552
6.61185658127655
6.61613531331186
6.62008307834564
7.86745248473826
8.37744667538169
8.37972320501693
8.6725163255526
8.6734716537443
8.67490503077939
8.67647930374946
8.68601079422463
8.68445160236394
8.68818888431238
8.67928222287394
8.67801899140091
8.68108879273206
8.68288089945209
8.97796993439367
9.36574765131631
9.36632879423382
9.3673227161036
9.3682191236695
9.36968729038126
9.37102802396595
9.37518076675993
9.43832281513047
9.37211994579978
9.37326021138325
9.37644075115103
9.37406607950322
9.55176847391554
9.68133957577711
9.6816775270018
9.68232676188621
9.68273016378562
9.68326971585794
9.68383782793718
9.68539395398715
9.68578455124842
9.72203919232577
9.71251482040967
9.68410502082304
9.68465331493421
9.68490336658727
9.7328265843418
9.79049695342771
9.79018034502892
9.78991687695167
9.78963740250799
9.79027819341287
9.7896018131983
9.78946621018623
9.78981406778781
9.78979360414509
9.79007413744143
9.82050197157736
9.8202652669294
9.82012958883868
9.82024111660495
9.82013014854578
9.82658403562422
9.82675815146816
9.82647506413209
9.82678096038706
9.82700089411076
9.82737696328154
9.82703449757211
9.8269960973191
9.82703215003509
9.82714964561725
9.82838491497498
9.83053689083252
9.83066128822822
9.83042585775506
9.82997697692517
9.8300270288876
9.83033596677119
9.8301222049025
9.8299049768265
9.82960751486857
9.82982598826106
9.81936396894169
9.81927831021263
9.81907589199975
9.81940158996878
9.81987748500159
9.81703171201798
9.81661320935818
9.81657555620279
9.81675088165851
9.81706716555834
9.80580889363145
9.80596548666444
9.80629055817056
9.80640184020235
9.80653003166581
9.80680853223164
9.80670494163921
9.80632244282003
9.80675841311096
9.80691065078274
9.80682591389801
9.80529545495816
9.80432967672113
9.80371511693249
9.8017067371893
9.79862121091059
9.79802849077051
9.79814757813968
9.79828525609065
9.79824923456109
9.79806179330074
9.7942729109348
9.79450213918552
9.79026605847621
9.79032195940061
9.79048734130837
9.79045923198662
9.79036639655277
9.79059610420706
9.79063696485736
9.79062502422806
9.7905570754175
9.79062585408641
9.79084134195818
9.78802261920171
9.78805713867262
9.78795640070114
9.77523638120613
9.7755348750973
9.77537756265239
9.77569185438158
9.77562316133211
9.77563218673591
9.77565959631801
9.77544152727435
9.77556408033156
9.77562808374267
9.77567078085216
9.77565019709156
9.68377727721444
9.68499064728272
9.68579323490526
9.68896274500323
9.68891060101584
9.68903487788204
9.68901778771577
9.68912563844676
9.68892552571897
9.68886736285736
9.68885434222385
9.68908819636196
9.68906584163913
9.68895343848269
9.68406253303107
9.67805986711293
9.67816147971527
9.67792515059625
9.67806185324506
9.67823173154619
9.67822193141404
9.67803954819615
9.67797312138524
9.67826374844389
9.67827641087862
9.67399699840478
9.67319604258777
9.67440675638523
9.67409983033126
9.66970435524664
9.66989418063778
9.66993612126877
9.67000440761242
9.66778385847845
9.65999902057749
9.66024157276475
9.66018747684035
9.66034680881253
9.66008986532811
9.65988663260097
9.65990948371226
9.65989115750287
9.65998186907384
9.65845503903113
9.65695227203368
9.65678158136697
9.65677049435174
9.65689140944492
9.6569784205731
9.65683376594251
9.65653652900097
9.65670995046318
9.65682541564385
9.65692100884531
9.65697365336384
9.65700895541681
9.65591941032469
9.65616628248543
9.64802708488812
9.64766573076168
9.64814198843858
9.64770089125448
9.64762841144036
9.64770284765162
9.64766227613696
9.64771278421243
9.64776737674685
9.64778730753155
9.63512049631637
9.63518670488209
9.63491172305215
9.63478775844574
9.63478926801948
9.63493404081306
9.63491613001897
9.63488963634036
9.63470880501614
9.63485447743832
9.63082187344794
9.63078873230562
9.63082184464833
9.63077020444563
9.63078777173757
9.63081442500475
9.6309694057473
9.62674834835745
9.62671801319256
9.62691429974342
9.62701751690888
