Force
2.20363188304432
2.17224691708323
4.76352621883127
4.76554392080055
4.7668300323718
4.77021235883038
0
4.7746539382772
4.77244661181111
4.78208304507058
4.77884749173144
4.77646210803624
4.78488179109317
4.96078379343089
5.0624026323855
5.0624576108298
5.06228020530903
5.06270052564494
5.06316276567762
5.06378225371523
5.06556477662808
5.06508108470615
5.06421071406852
5.06463218691032
5.06648621983609
5.11933489450044
5.20847979455877
5.20856108253342
5.20858313591571
5.20883156841141
5.20877046611483
5.20865543315
5.20885916773399
5.20889438188964
5.20906872273035
5.20898924424036
5.20894488338308
5.20714710045462
5.20749036254839
5.20767938875179
5.20780479056233
5.20842640731589
5.20931590760247
5.20897620467779
5.20865621789053
5.21027116943265
5.21011155255426
5.21112120182735
5.20965102149458
5.21559312263129
5.25962414653101
5.25960016564961
5.25943632312281
5.25939262534614
5.25954698920451
5.25921007502176
5.25931377289661
5.25945480995877
5.25913138057551
5.25905876200456
5.2591644226816
5.25835756280396
5.25273299241288
5.25237517309257
5.2524590394547
5.2527318862178
5.2524158029044
5.25213079490338
5.25234050960974
5.25224232687241
5.25220880431157
5.25202381379915
5.25199769867924
5.24861766382072
5.24463443139476
5.2446927228738
5.2446893845845
5.24471063912095
5.2447147757015
5.24472365939354
5.24478020123132
5.24463593706621
5.24457538809719
5.2448260551602
5.24490809085061
5.24511250064453
5.24481017557151
5.24411707135384
5.24421601018299
5.24442017401139
5.24420107140508
5.24441805818491
5.24405490160734
5.2443242305496
5.2441697142241
5.24425772113532
5.24403312225811
5.24434355731079
5.27306009842463
5.27374016625899
5.27286426040154
5.27311159371232
5.27323499019021
5.27487323770748
5.27444837858002
5.27521266740413
5.27399418867104
5.27522294610927
5.27508369089996
5.27976704990461
5.3004192097155
5.30033321008834
5.30040063409056
5.30044080041935
5.30047532643087
5.30036850184723
5.30040621061378
5.30049775346834
5.30058786717076
5.30039037978064
5.30071641404548
5.30158133535465
5.30379783837026
5.37788173555443
5.37785360420511
5.37799570473268
5.37798136501273
5.37804640340048
5.3779698729591
5.37798958158011
5.37791036565171
5.37795752464529
5.37792894078893
5.37808409657223
5.42801012488249
5.42805183622068
5.42796813165573
5.42781508775721
5.42742517215254
5.42715911597148
5.42616463240853
5.42611732178631
5.42676997587257
5.42642344497448
5.4309201638739
5.42601214774381
5.4780694969634
5.47806659353063
5.47824464880163
5.47854005250637
5.47875172410826
5.47924187257174
5.47857694177912
5.47836088559462
5.47907727483483
5.47888756729371
5.47871646368869
5.48603935028991
5.48658004213164
5.48659768400407
5.48653898904504
5.48644067973309
5.48650522158857
5.48663926544538
5.48674200042422
5.48656150553021
5.48670959451961
5.4864525271581
5.48661925167226
5.48632159521952
5.48628520889242
5.48604845680892
5.48620560269653
5.50484947160795
5.50485323970888
5.50502648738495
5.5052275862313
5.50770794629007
5.50717065345478
5.50576378714424
5.50605332687858
5.50674615215285
5.50797686500226
5.50798442846545
5.54723169753736
5.54680238019043
5.54661208720115
5.54678168893632
5.54676990295616
5.54688266866237
5.54717830780647
5.54695524062165
5.54688145543475
5.5470803218898
5.5473474643096
5.55391050074347
5.56828578077114
5.56841772973378
5.56845629929818
5.56878347504034
5.56856101875733
5.56852163813486
5.56863401871128
5.56850011166111
5.56886422465551
5.56869186743209
5.56887066540749
5.57242892948202
5.58299477366342
5.58605004016264
5.58613374254532
5.58613507331994
5.58619054343538
5.58609791788307
5.58617727138073
5.58601412567197
5.58602883544386
5.58600541356874
5.58594146052907
5.58623269683869
5.58616956087456
5.58853292816243
5.58853613308506
5.58854447632267
5.58845114145367
5.58853091152003
5.58870567813862
5.58846683609482
5.58855274549375
5.58863907146379
5.58848863468341
5.58869705939007
5.58864622429029
5.58870215456117
5.58759620096001
5.58738525714653
5.58736102284305
5.58747228905574
5.58742403499127
5.58740622644739
5.58739039988544
