Force
0.0528789181605877
0.0529578737663187
0.054348028904315
0.0568504645706253
0.0587832329312781
0.0506051152720091
-2.1961347865913
0
-2.87003300424572
-2.64027614909626
-2.97705031241804
-3.54176821845685
-3.96563029449906
-4.30778480869282
-4.56482242691751
-4.69029209921815
-4.76845139381388
-4.83052711076817
-4.86658086050067
-4.90200090167
-4.93890751096956
-4.95601101404452
-4.97188996329509
-4.9866702527658
-4.94553147755922
-4.98077670682775
-4.94813668333872
-4.9849087142982
-4.95765645518547
-4.98285955048201
-4.97720892917107
-4.98164309350748
-5.00218507020698
-4.9717487493751
-4.98944974509243
-4.99688288405433
-4.99281136255407
-4.98203983056799
-5.00196777754229
-4.98234062558623
-4.9996274315522
-4.97345770950033
-4.982258044501
-4.98222856259479
-5.00232425626344
-5.00811432463467
-5.00026908007265
-4.98250865017229
-5.00269529151324
-5.00459457529821
-4.97077857933585
-5.00056008112101
-5.00139829547737
-4.97751815395161
-5.01047781376886
-4.98861844682705
-4.99861470648343
-5.010069820011
-4.99115428655976
-5.01312944326084
-4.9931942379162
-5.00918013646528
-4.99665626195921
-4.9956886504142
-4.99883224532928
-4.9957074845687
-5.00755024118151
-4.99539592235217
-4.98062921945792
-5.00074175081333
-5.00622720237232
-4.99588869593019
-5.00114208367649
-4.99415756020624
-4.99248991804396
-4.98782734002651
-5.00390220125052
-5.01529289067656
-4.99420484439438
-5.00307066986154
-5.00354980233717
-4.99179674878467
-4.99435846421053
-4.99263822749926
-5.0050568429811
-4.99348181980375
-4.99869151595136
-4.98799702868149
-4.99741362539173
-4.99930167414603
-4.99042103709598
-4.99054217473933
-4.98989481981876
-4.99089847312549
-4.99492561994338
-4.99710242800026
-5.00812614501296
-4.9846287070518
-5.00868417925731
-5.00019994888619
-4.98616017711621
-5.00229323120794
-5.00275303849156
-5.01002954864594
-4.99555682614038
-5.01339719649485
-5.01144630357303
-4.98523519981563
-5.00728386813892
-5.00326642733154
-4.97478396089824
-4.99340061553062
-4.97311084625503
-4.97842988572987
-4.9963176315352
-4.9899314722527
-5.01282804674683
-4.99439068610941
-4.99929628726856
-5.01953346574714
-4.99587341653134
-4.9912627050436
-5.00738723081213
-4.99724056136763
-5.00210111970862
-5.01293160931666
-4.99196183624476
-4.99403412855837
-5.01168563640744
-4.98420788181809
-5.00934485416675
-5.00907596606651
-4.99605612943215
-4.98859787983009
-5.02301319938154
-5.01620063414888
-4.98535848674231
-5.00877468893518
-4.98601911961553
-4.98561086960678
-5.00367876568432
-5.0026195317909
-5.00423936530839
-4.99059823491651
-4.99992261909776
-5.00446870578738
-4.98577293692765
-5.00560793607238
-4.98827369716269
-4.98365421465673
-5.01881802010464
-5.0033108749479
-4.99770660464946
-4.99442911680602
-5.01751446173525
-4.98840433595545
-5.00298266110204
-5.00643858574203
-5.00351956706658
-4.99281403178428
-5.00211222257876
-5.00791852534871
-5.00384757651448
-5.00168659043813
-4.99989595773205
-5.00133210791103
-4.99667456938292
-5.00656033517425
-5.00230532358224
-5.00450277230656
-5.00841809651103
-4.99668727631435
-4.99608339854822
-4.99721586580459
-4.99754966934396
-4.99317313998015
-5.00318158871326
-5.00308136929198
-5.00186422774123
-4.99896267543088
-4.99724258641369
-4.99015694072461
-5.01109577471227
-4.99590015722691
-5.00307157470005
-5.00584832646113
-4.98823231072499
-5.00393004282267
-4.99738626680363
-5.00643326305011
-4.99490053074363
-4.99354008445789
-5.0110279939553
-4.99265225894888
-5.0056576005058
-5.01173062039387
-5.01091777044124
-4.99379472839744
-4.98966574761463
-4.99835442622293
-4.9779726889224
-4.99809685623144
-5.0080734909108
-4.99911399884759
-5.00790098576557
-4.96878165693862
-5.03443389881692
-4.99921604981172
-4.99061165764413
-5.0030275219098
-4.98744486408409
-5.00969228740577
-5.01020788684964
-4.98091145463789
-5.01075576295447
-4.99813159358559
-5.00320658834992
-4.97782110619276
-4.99197873341051
-4.99977563938014
-5.00348515729741
-5.00193872419099
-4.99313577537008
-4.98363321340936
-4.99781750106503
-5.01015999233757
-4.98855006348287
-4.98065912080425
-4.99811140446742
-4.97933480227539
-4.97413224990909
-4.99153383588923
-4.9346754616958
-4.99126638283287
-4.99015209243952
-4.97954657262885
-5.00041416062948
-4.99816633650638
-5.00895476705411
-5.00982723190735
-5.01735719768785
-4.97654565172212
-4.99041320851783
-4.97560673212478
-4.99142470584925
-4.98859727439414
-5.00209268967675
-4.99859796401583
-4.99801186970481
-5.01038206921373
-4.985476247833
-4.99077313873096
-4.9992406355733
-5.00114183888377
-4.97796521280101
-4.98799878297187
-5.02124724625712
-4.99171078084302
-4.9830797214878
-4.99389183146723
-5.00737785566019
-5.00041872352805
-4.98818114182915
-5.00729865058623
-5.00519788947701
-4.99830340786519
-5.00374054067796
-5.00168164916797
-5.00172909572085
-4.99769127469373
-5.00638113104254
-4.98896462999249
-4.99633539445131
-4.98750429556624
-4.99758465789964
-4.99562348968999
-4.99732805294179
-4.98359787438169
-4.98998485865729
-4.98570935682778
-4.99784458513791
-5.00458112007947
