Force
-0.258693902091043
0
0
0
-0.277229638681145
-0.277109954177784
-1.6281722548896
-2.73842773676817
-5.49777432421865
-5.92474817241182
-7.61348505413098
-7.88857239359742
-8.44532343252052
-8.69893111938215
-8.84095582077658
-8.86010825821452
-8.94496627700947
-8.99692590977407
-8.96744262193617
-8.96884194252924
-8.88621160206551
-8.9499417022261
-9.02669322639551
-9.03349448406256
-9.00192826177154
-8.99267759637628
-9.01769925938341
-8.98072992816775
-8.9724907773241
-9.04435695742971
-8.90540417357368
-8.99126096613561
-8.99303192841498
-9.00394246518377
-8.97718216619697
-8.97650941572199
-8.98963221708136
-8.9701692438306
-8.98694147146156
-9.02951671741812
-8.91030060530866
-8.99308212107079
-8.9727485074536
-9.01297891903433
-9.00287224802343
-9.00821901960375
-8.99610534944561
-8.99194948199355
-9.00367613908899
-8.99212521816416
-9.00393378794617
-8.9892188737205
-8.98903140315632
-9.00687791459775
-8.99916937548959
-9.00003153261976
-8.99247524590572
-9.00107920786206
-9.01294022129592
-8.99189647249072
-9.00047929910319
-9.00506539824089
-8.99237007967623
-9.0046206908823
-9.00596453537478
-9.00315865980424
-9.02103976538749
-9.00980140202529
-8.99579538157508
-9.00190637165322
-8.9933094955948
-8.9952977485238
-9.01369801958362
-8.99090902184588
-8.99721708916518
-8.99809148035599
-9.00485138874223
-8.98556999104511
-9.00084899501552
-8.98826832357158
-8.99501226027705
-9.00180052687375
-9.00128433935862
-9.00260221137572
-8.99839895140165
-9.00751663671984
-9.00156586897222
-9.00041560683145
-9.00086965752939
-8.99575168586933
-8.99121319248279
-8.99378887037779
-9.01243356490314
-8.96390348163566
-8.99629262907347
-9.00086850537907
-8.98544103096066
-8.99610657910417
-8.99167621469565
-8.99662509403345
-9.00313874315997
-9.00314672985241
-8.99134345631858
-8.99945156475401
-8.99038081267418
-9.0051965789286
-8.9922468035618
-9.00040528977599
-9.01171483844466
-9.00926453222551
-9.00960574096958
-8.99989754204268
-8.99531725458069
-8.99299220714268
-8.99279728385882
-8.99827482228361
-8.99108919366364
-8.99935188746278
-8.99817245907556
-9.00624688432042
-8.99184731928413
-8.9876483410978
-9.01135192296735
-8.99390794636522
-8.99978883896436
-9.00178396738882
-8.9840120354625
-8.97484027073327
-8.99643533811941
-9.00442181808885
-8.99236526950039
-8.999204556751
-8.99909908187248
-9.00984143251645
-8.99524211964894
-8.9988174194646
-9.01394759219067
-9.00202587620628
-9.00148549654146
-8.96999474673695
-8.99968512576204
-8.99212045230018
-8.98754876111253
-9.00063077590569
-9.01416861079647
-8.99494891616171
-9.01182850042275
-9.00690384803716
-8.9918974252871
-8.98937297073915
-9.00615221153798
-8.99152780463706
-8.99122826301609
-8.98366308150428
-8.99541428313918
-9.01179879498774
-8.99503090782531
-8.99941701836474
-9.0094106614727
-9.00565697220163
-8.98847946154133
-8.99648386879112
-9.01312553975511
-9.00581689683541
-8.99177313745969
-9.00072202729412
-8.9945106916722
-9.00224392000435
-8.99262691786644
-9.01171767509247
-9.00329585067131
-8.99353202641285
-9.00113825717093
-8.99437628303696
-8.99705356277106
-9.00659282475665
-8.96964457505941
-8.99075274965199
-9.00089988468263
-8.98617319049815
-9.00359460583349
-9.00029978818238
-9.00315944193983
-9.00056425970723
-9.00464761812839
-9.00116061128503
-9.00138204180974
-9.01139357393872
-9.00246886598982
-9.00109780879449
-9.00665361385034
-9.01070722357417
-8.98539818410591
-9.03705489067878
-9.01353465903017
-9.01222288715374
-9.00580101416871
-9.01928087805056
-8.98744318407586
-8.99882126930457
-9.01368990462605
-8.98061183922693
-8.99987799026667
-9.01175210653332
-9.00476531872785
-9.005606772269
-8.99503220057634
-8.98855019070524
-8.99640390311661
-8.98697402493279
-8.99335681801303
-9.00192627349091
-9.011338596277
-8.99024495485684
-8.99147034486487
-9.01083406229431
-8.98566471879983
-8.99868186898835
-8.9737906641061
-8.98301355467583
-9.01788466281183
-9.01133729869315
-9.01325804899228
-8.99384564162188
-8.99620214988746
-8.99385626171741
-9.00121775772346
-8.99652359692685
-8.99594695879245
-8.99279746060518
-8.98618800641374
-9.00810005470587
-8.99867087695999
-9.00382996911924
-8.99919105571352
-9.01906893009999
-9.01279734271519
-9.00519308837582
-8.97838103195236
-8.99955997297908
-8.9827954613262
-9.00853106660171
-9.00539347015078
-8.99913425846825
-8.99295260993321
-9.00212693945513
-8.9860362014888
-9.00370113983748
-8.99307559361883
-9.00244270903712
-8.99188338478792
0
0
-9.00307136595387
-8.99770597432779
-9.00148873638173
-8.99415214741235
-8.99522120858498
-9.01468987917084
-8.99288338814281
-8.99003097470647
-9.00170189668338
-9.00671364155011
-9.01180865613194
-9.00197903700798
-8.99722312770161
-8.98427800583602
-9.0006611411849
-9.00348757277395
-9.00237377334596
-8.99619979812712
-9.00586739621752
-8.99893576644966
-9.00059534520675
-9.01131027189464
-8.98696162855923
-9.01055157734799
-8.99787457376643
-9.00412395950168
-8.99345501085012
-8.99137533508255
-8.99512309357982
-8.9996805492266
-9.00235709213594
-8.97780338927405
-8.99090551950302
-9.01457460613336
