Force
-0.446998300136255
0
-0.435019782488809
-0.428864958384309
-0.436191507315441
-0.649791644830508
-1.91189402161034
-2.0351083196053
-2.26441409065134
-2.65129372191923
-3.10092459500265
-3.73400044123902
-4.10359739976534
-4.54344963507396
-4.6341165383475
-4.80578997940875
-4.83775880000205
-4.93385059650017
-4.8960833718641
-4.90912224157383
-4.93596855882374
-4.95128680591711
-4.96252717430497
-4.97016396150171
-4.96690538911362
-4.97919697345639
-5.00270021992965
-4.96143222480369
-5.00298185879043
-4.99138584914013
-5.00536990109381
-4.97361365246927
-4.98855461027785
-4.99706308084702
-4.9819123381597
-4.96586076712591
-4.99511409989422
-5.00196804383597
-4.99932942980058
-4.96819719134204
-4.99217164575403
-4.97461321838427
-4.9919131387769
-5.03118697608763
-4.96626691258644
-4.93774075208536
-4.98173905435489
-4.99943371551232
-4.98266518097889
-4.98432738851873
-4.98256431635529
-4.96918176589546
-4.99524374437865
-4.99651177029949
-4.99854161872876
-4.9870040746666
-4.99946942459507
-4.98754278958317
-4.96980496536565
-5.00083141940907
-4.98647302828435
-5.00381926287663
-4.99664599884242
-4.98791856157403
-4.99546697815015
-5.01664055052913
-5.02120480319759
-4.98592343853856
-5.00582820442148
-5.00429843707571
-5.00766690661237
-4.97831751759527
-4.98723130709812
-5.0009024850733
-4.99300817347093
-5.01281032037021
-5.00091483758978
-5.01168277229015
-4.99514717279987
-5.00419150308352
-4.99333085832875
-5.0051661357192
-5.0099270332535
-4.99255697489984
-4.98724647669729
-5.00015986246673
-5.00301597613521
-4.98783163966559
-4.94439109566874
-5.03032912815735
-4.96826050828127
-4.9793615712735
-4.98694101942342
-5.00274739812503
-5.00641857205756
-4.98895643813912
-4.99744847365504
-5.00970031715083
-5.00707078335229
-5.00292856451914
-4.99200839363798
-5.00603389618442
-4.99904508622935
-4.98468557401195
-5.01545775046864
-4.96873430857355
-4.99156371620668
-4.9854374504585
-5.0074003245628
-4.99136748525569
-4.99601153432632
-5.00989197768139
-4.99552379560218
-5.0046107998127
-5.00093275728253
-4.97579206705494
-4.99838458038336
-4.99689035638552
-4.99314636736443
-5.00333564356871
-4.98344261056856
-5.01387402239157
-4.99776076925675
-4.98785070682689
-5.00216610219986
-5.00978559094579
-4.99036830934354
-5.02038978594409
-5.00106052759375
-4.99559108804649
-4.98730633338174
-5.00403386345944
-4.99486687818184
-4.99929546822845
-5.00153212827147
-5.00165753130932
-4.99488284597137
-5.00235108034927
-5.00590691397751
-4.98936917007993
-5.00306220845777
-4.99691804821015
-4.98683912784292
-4.99566735852045
-4.99412621724886
-4.99482653091642
-5.00708235947339
-5.00622552898926
-5.00539774978703
-5.00303174036877
-5.004132267523
-5.00802697959478
-4.99703851188985
-4.99825956228306
-5.00594188570437
-5.00905524195199
-5.00297013766746
-4.99580427755683
-4.99851192054037
-5.01413117102002
-5.00895081186789
-5.01049160324593
-4.99452764422103
-5.0073310906258
-5.00140826088748
-4.99841637989275
-4.99441960377678
-5.00320965767005
-4.99905849025786
-5.01303102713232
-5.00079915438997
-5.00260316388632
-5.0010517982091
-5.00048927498128
-5.0081193444897
-5.00890829365221
-5.00434714435739
-5.00127819963496
-4.99445052203184
0
-5.00523786602492
-4.99480698893619
-5.00516586262306
0
-5.00396961907539
-4.97623399205481
-4.99362698414232
-5.00300675295963
-4.99353984420003
-5.00367673645785
-5.00721852052617
-5.00266761904921
-5.00069984640892
-5.00561848799895
-5.01137786301975
-4.99998997211923
-4.9945001540264
-4.99329374842612
-5.00537750319773
-4.99113703782255
-5.00999263277333
-4.99519743286442
-4.99336460250784
-4.99218381184726
-4.99450351410412
-4.99649531366997
0
0
0
0
0
0
0
0
-5.00745428038028
-5.00636279460445
-5.00378098150677
-4.98774426412293
-4.99725299024802
-4.99367082002353
-4.99747157406532
-4.98228961004421
-4.99536783251227
-5.01098275164225
0
0
0
-4.97421230322261
-4.99904514623014
0
0
0
0
0
0
-4.99014857684995
-5.00453339638986
-5.00680537439246
-4.9947635838733
-4.98653665734569
-4.99636815511337
-5.00957621038398
-5.00809110895493
0
0
0
0
0
-5.00206481838686
-5.00587494007716
-4.99719915715849
-4.99643934507971
-4.99524644475136
-4.99767439271211
-4.99622427480034
-5.00313808587179
0
-4.99311720474584
-5.00119364206218
-4.98986670907277
-4.99711934392046
-5.00831249249705
-5.0142220187343
-5.00264755030963
-5.00906486639897
-5.00035982947336
0
-4.99534233132353
-5.01031057731609
-5.00823831511074
-4.98624327037536
-4.99920898570752
-5.00449135003082
-5.00087247214269
-5.00503682029776
-4.99874797646622
-4.999179012319
-4.99988572157021
-5.0016427699777
