Force
-0.17679539248302
-0.16863248412665
-0.170977249464565
-0.177110613626055
-0.163219901361657
-0.157459483605464
-0.162431333742402
-1.20277311545423
-1.9288278703917
-2.45677840747701
-5.62129139170421
-6.548404072141
-7.87393384627332
-8.15114906523281
-8.58170479748205
-8.68543445516971
-8.85684695229161
-8.83685860084299
-8.87179396267139
-8.88729321499023
-8.93718760382587
-8.93402244356048
-8.95705458275946
-8.94715166498698
-8.93550648798671
-8.92591914753728
-8.91677912445358
-8.98089746426206
-8.94403318319186
-8.9792268798336
-8.99943948227163
-8.95264289770166
-8.99969404159973
-8.99679937093603
-8.97560704761849
-9.0169449882406
-8.96183632121358
-8.9845937355245
-8.99069827331656
-8.94206093988604
-8.99187698512765
-8.97837150918972
-8.9889417067271
-9.00796962798869
-8.94342873670709
-8.87509238084334
-9.01622364545505
-8.94811124255441
-8.98130120719742
-8.97649165020379
-9.01110718871799
-8.98394331578393
-8.99632797035368
-8.96619703260716
-9.00510937555373
-9.01215555835798
-8.97222028207914
-8.99787108170398
-8.95043900681124
-8.91974474877797
-8.96537818557773
-8.93267237240095
-8.99266659739027
-8.87341081303102
-8.97938821642093
-8.95839020803025
-8.98379609795056
-8.9842480012166
-9.04626588403437
-9.02221971762887
-8.9456994134096
-8.9983632791346
-8.9667358378783
-9.00194844412377
-9.00539220052854
-9.00243859243201
-9.02260176614675
-8.95759894032358
-9.02077481417994
-9.01049242558875
-8.97730224466487
-9.01541035348664
-8.96097040154025
-8.98922885759369
-9.08019185242624
-8.9648541013755
-8.97677986761392
-8.98996266710635
-9.00102433388643
-8.97528144197115
-8.9822493804003
-9.00675511466437
-8.99422003136734
-8.97674563030487
-9.01400403424259
-9.00179800635119
-9.0707589947613
-8.99499466413462
-8.97753004128114
-9.01263530266235
-8.98119866114993
-8.98984257589538
-8.91727928077571
-8.90915035961634
-8.96575247340049
-9.02333583502542
-8.98858583791858
-8.98134462000414
-8.99919058263439
-9.00192266496943
-9.00538493787188
-9.0285866047136
-8.98782619040025
-8.99698696758464
-8.98829858480344
-8.99741709220439
-8.97435517422528
-9.01223503364946
-9.03119052031405
-9.00842772666854
-8.99972324697241
-9.01648626706288
-8.98341726134824
-9.0193275746389
-9.03159064293047
-8.97314146561845
-8.98830595814594
-9.00177711345858
-8.9900779351287
-8.9800934284556
-9.00539512281045
-8.99304119424555
-8.99627432328789
-9.00652270704203
-9.0014769294466
-9.0324876936958
-9.01031399416465
-9.00976911849269
-8.99738903029744
-8.99302070911404
-9.01560995211951
-9.01975517904694
-9.00174342658605
-9.00102376263109
-9.0040557669152
-9.00842756647145
-8.9652542651737
-8.98806927823156
-8.9759124551806
-8.99481688137891
-8.99268231723014
-9.00745029982752
-9.00541861486173
-8.95668857133879
-8.98397979689004
-9.02147950169281
-8.98202246585405
-9.01150138669725
-9.0029260488396
-8.98846545908617
-9.00389420479366
-9.00163245129287
-8.98710453116334
-9.00936723226353
-9.00603598837253
-9.00334238982593
-9.01735889938395
-8.98254256873511
-8.99584211144653
-9.00676942119155
-9.01581426408418
-9.0044827708243
-9.03689900345291
-9.02950250496344
-8.97524309263394
-9.00017808087544
-8.94784087361938
-9.02846880522802
-8.96108554256113
-8.98437081051816
-9.00270839512465
-8.99685561811933
-8.9894093579753
-8.99520159045975
-9.00206291491038
-9.00319553862159
-9.00079188426298
-9.00365640226208
-8.99717733006401
-9.00239757621102
-8.9995115233787
-8.99920515391097
-8.99010289110741
-8.98609080982728
-8.99177425546197
-8.99057834037405
-9.00732358783869
-8.99040112054353
-9.02064489970753
-9.00944206897256
-8.99874019811045
-9.00174693712621
-8.99945283814783
-9.00833085930101
-9.00328886443858
-8.98884765648807
-9.00610908332328
-8.99512256821519
-9.00920896875368
-9.00553336311037
-8.99869981764689
-9.01274625708823
-8.99275143658818
-8.97728076586807
-9.02491384634008
-8.99421935588607
-8.9962680588312
-8.99849297304201
-9.0033576594277
-9.00420163275484
-8.99527414323123
-9.01155976906579
-8.99300825521421
-8.99653182183947
-9.00251499372309
-9.02523556374499
-8.99936669842005
-9.01926681507728
-9.0029044559787
-8.98019133832381
-9.02265225518059
-9.03349349692381
-8.99668130720949
-9.01835374728081
-8.98132344534058
-9.00553016272056
-8.99498011368065
-9.00042006088082
-9.00497368375324
-9.01568617262919
-8.99456273691399
-9.01110898758103
-9.00612178431085
-8.9990870372189
-9.01649186447419
-8.99725735920961
-9.01638693693166
-9.0115937007304
-8.98950059167379
-8.99208148699047
-9.00085022653996
-9.01699610187049
-9.02088803943087
-9.01079749770087
-9.01278051303021
-9.01178077381662
-9.00767717314278
-8.98305774273975
-9.00436195219861
-9.01684840320916
-9.00121364481737
-9.01200801010294
-8.98494878795575
-8.99252063862638
-9.00672147100804
