Force
0.663480903923273
0.663817722965161
0.662222532070262
0.66270955094145
0.66760246881285
-0.0436398391216865
-3.06636173481191
-2.78093260840959
-5.11311098182402
-6.26962846033209
-7.80846493206199
-8.15324087560029
-8.60858397456714
-8.71652417228547
-8.82201285468332
-8.83276966511949
-8.91906369840042
-8.92286233049203
-8.93078269151177
-8.95909448665185
-8.96922012925845
-8.99568614905959
-8.99451974809987
-8.89306843828017
-8.95924309628557
-8.99138634757853
-8.91817485198803
-8.95413632352351
-8.97741863398571
-8.95290958826465
-8.98256616803607
-9.00284477946206
-8.94837228230642
-8.92280904018319
-9.00370050955719
-8.94665524131774
-8.92087448830793
-8.95999110638669
-8.97794331332951
-8.9181499161209
-8.94326171067689
-8.89891727469052
-8.90042787674088
-8.89242222557962
-8.89462876864032
-8.96287651213622
-8.95112937909692
-8.98430612322358
-8.95207169980063
-8.94020103494318
-8.96521532674883
-8.97951892116889
-8.9810712231002
-8.97272809708107
-9.00611089812011
-8.98939603718653
-8.9964736531317
-8.98799566744003
-8.99359575592265
-8.99643315932226
-9.04412958647168
-8.9661854106794
-8.97167909080108
-9.00702835658167
-8.96394481823245
-9.00355903495281
-9.00728464823493
-8.97413358183731
-8.98768138072509
-9.01301245966342
-8.99808962501481
-9.01786459098888
-8.95423344121957
-8.9757720222344
-9.0765195549013
-8.96639485236365
-9.02377249498292
-8.97133532420565
-8.96594406782074
-9.01161425121719
-8.96999506531457
-8.97633322935505
-8.97988160006719
-8.99836312977295
-8.96644663442076
-8.98662952985693
-8.96533947095397
-9.00548638910944
-9.03769617527127
-8.99325051103159
-8.98225075290576
-8.9847976657347
-9.04726697551558
-8.98850361981513
-8.97054473072013
-8.99839800889155
-9.00682593460645
-8.9728828498221
-9.01475559782581
-8.99571147999771
-8.98855461711531
-9.00725010973871
-8.99541687845374
-9.00022199634814
-8.99645328454705
-9.05214886017703
-8.8994298597441
-8.95800663027778
-8.98541279515309
-8.95969653405627
-9.00766891598874
-8.99104023378228
-8.96504643502455
-8.97260234217515
-8.9705438549763
-8.9742983132486
-9.00709452011789
-9.00106470353274
-8.98123061331371
-8.99506323018252
-8.98982574245411
-8.96093793520986
-9.06586541701636
-8.95159093951643
-8.99136767496127
-8.99653780641128
-8.97301780146918
-8.97607932508723
-9.01149380189132
-9.00729295537081
-9.02339303670425
-8.9932403082071
-8.9769136350716
-8.99342458267185
-8.99509914327437
-8.99918475886751
-9.00624360673675
-9.00794881720804
-8.9901290451926
-8.96692810407473
-9.00369905817325
-8.96117485867812
-8.99343279699162
-9.00088183857247
-8.98418589087296
-9.00220102298678
-9.0132507060157
-9.00103045180673
-8.98757531854016
-9.00175943674431
-9.0009825602141
-9.00439801940769
-9.00245628441582
-8.99937201281256
-8.9947018486374
-8.98255308921387
-9.00939176088124
-9.02241572415284
-8.99257651336733
-8.99985981130153
-9.00522155869575
-8.97952535591061
-8.99966442108073
-9.00364522820855
-8.99467546440647
-8.97805705995214
-9.00769118337251
0
-8.99953578742618
-9.01702135133038
-8.99867653280861
-9.00878455893888
-9.0013675393054
-8.99401973179286
-9.00184213200789
-9.00712266040247
-8.95702697950223
-8.99369151283377
-8.97466508624103
-9.01144642715468
-9.0185373932059
-8.9979664471228
-9.01257301895332
-9.00463805044979
-9.02316430752301
-9.02966483208087
-9.01466296339894
-8.99266686920776
-9.00951986943139
-8.99898939761329
-8.99782986294179
-9.01758892551286
-9.0401036340199
-9.0212109709056
-8.99891395582005
-9.01106768589244
-9.01103706611912
-8.97888905715035
-8.99840259399501
-9.00404910757939
-8.99137786510196
-9.01547371122455
-8.99037394132011
-8.99271310451361
-8.9855795463652
-9.01110305910941
-8.99361161403064
-8.99803640342329
-9.00973380266491
-8.98289195698386
-9.00074928180837
-9.0109754492627
-8.99524848994089
-9.01152219135105
-8.99850853374698
-8.9883277346116
-8.98884294596534
-9.00614618564709
-9.05276410832842
-8.96452694536186
-9.02119581374953
-8.99291208911414
-8.99606110535123
-9.00724833616314
-8.99449977465972
-8.99547822492172
-9.00391927796608
-9.00894496252389
-8.99872816397702
-8.99532402802468
-9.00164568933955
-8.99722199176147
-9.00761357371877
-9.00455272124286
-8.9902600155576
-8.99199196815024
-8.99888233421543
-9.01972330437536
-9.02109180817113
-9.00007282384603
-9.00275580138358
-8.99280938286049
-8.99770810000379
-8.98442642408175
-8.98593618340531
-8.98359957473485
-9.00178138750353
-9.01796711183667
-8.99492127730842
-8.99836135005591
-8.99680686047422
-8.99700894086897
-8.9960222707355
-8.99298558481877
-8.99460459443574
-8.99673149344441
-9.01221574718624
-8.99621624528207
-8.98981622142398
-8.98517296349206
-9.00537167969498
-9.01159566685863
-9.0105552411868
-9.00523522060199
-8.99535359364004
-9.01204379146356
-8.99599498101043
-9.01146051540511
-9.00073953738274
-8.99705082485888
-8.9941145782842
-8.99908398870397
-9.00205959668316
-8.99087512032118
-9.0129672583648
-8.99182892734784
-8.99463792217943
-9.01352170005925
-8.97609732342929
-9.00278072945346
-9.01833534818565
-8.9916366768315
-9.00159206537272
