Force
-0.491102551307515
-0.487604226762386
-0.486645609903573
-0.489279127891679
-0.494250397469302
-0.487391624058663
-1.49646947932191
-1.73072624265232
-3.31485275712432
-3.61536758988999
-4.51607658515163
-5.37854759671331
-6.01599691190198
-6.31064685592797
-6.60127795037541
-6.65669538868074
-6.80131358823709
-6.84883236754196
-6.91700928974033
-6.93507320465254
-6.96472068990728
-6.94689656983152
-6.96640393784602
-6.98845765271588
-6.99271606421796
-6.99339490717408
-6.98175973274656
-6.99017977163694
-6.98106716349619
-6.95770595390237
-6.98797965463828
-7.00451591478145
-6.9840704475659
-6.99804435009021
-6.99341288991551
-7.01239639760445
-7.01790313200248
-6.98579647158393
-7.01226059294719
-6.95209034224619
-6.97238547696738
-6.97719567996312
-6.99004841324748
-6.94641475632496
-6.97511519318343
0
-7.00802062848125
-6.9879181431748
-7.02185860929563
-6.98189581694705
-6.98457839597447
-6.98723625269524
-7.00195480358511
-6.99008230303341
-6.98861991965903
-7.00356015884914
-6.98833738407008
-7.01331333216782
-7.01043280785292
-6.97249410326406
-6.97153234877335
-7.00655833171827
-6.99337717987727
-6.99384761639894
-6.99422655619223
-7.01632937422989
-6.9773053586258
-7.02185380848718
-7.00162194796403
-6.99728790347907
-6.98595125103352
-6.99216367913832
-7.00198847032078
-6.99531944739373
-7.00374801586051
-6.98140932240968
-7.0952147639313
-6.9755455827129
-6.97203407720752
-6.98173974397214
-6.92771368863651
-6.98194942413194
-6.98665606972232
-6.97090598397812
-7.00280973041456
-7.02349415765291
-6.99424548154717
-7.02802389607747
-6.93930046291743
-6.99144462773464
-6.99670702619918
-6.98757835082163
-6.98816897850171
-6.98767527096294
-6.92644168451755
-6.98114372868191
-7.02550152489552
-6.97887166753683
-6.97826315845395
-6.98435140364928
-6.98263075275875
-6.99737044153314
-7.0050197951064
-6.99706589063261
-7.01971688577326
-6.99937594114199
-7.01016453074465
-7.00042649616895
-7.00516166582922
-6.99635922970305
-6.98749355299631
-7.00935230606951
-7.00550259202625
-6.9967552167558
-6.99807712658469
-7.02786620171382
-6.9783696601022
-6.9991936771172
-6.99893078080967
-7.01226134007856
-6.98956950531913
-6.99858678010615
-6.99328052370248
-7.0121917617655
-7.01103315438962
-6.98798062199312
-7.00614046962618
-6.98966343576469
-7.00095648795389
-7.00466595788108
-6.98891714764489
-7.00525507933293
-7.00135811153451
-6.99712805882271
-7.00005236012416
-6.98407226417264
-7.00288976887508
-7.01617916467145
0
-7.00392694818917
-7.01140820154956
-6.99989519117956
-6.995019826591
-7.00529166761112
-7.00491549670556
-6.9786993344341
-6.98097992620799
-7.00496787823065
-7.05061691112544
-6.98242216065806
-6.96928675731721
-6.96686799983257
-6.99022161172479
-6.96898140502702
-6.95587262546965
-6.98040327638339
-6.997528826617
-7.01589664134711
-7.02959381313553
-7.01430667974383
-6.99762794293231
-7.00399744131926
-7.00304086487937
-7.00558799746039
-6.99766345691024
-7.02141339566635
-7.00654457699937
-7.00280592126591
-7.03545566399675
-6.99670962906556
-6.99445387374822
-7.00774636550308
-7.00682127998091
-7.00239829707189
-7.0049948185692
-7.00495025067265
-6.99895199854483
-7.00278276787724
-6.99468923567391
-6.98800788505752
-7.0157776233367
-7.00854007026427
-7.01912775164937
-7.02776485908695
-7.03820740412008
-7.01087963648318
-7.05578664665192
-7.01641286105865
-7.01482444224225
0
-6.98124863016466
-6.97832251276559
-6.98240793632666
-7.02670814758092
-6.93087142501347
-7.0153683656609
-6.97546169894956
-6.99666466620048
-6.96325635068552
-7.00488075531807
-7.00948335734184
-6.96206129279626
-6.99134928187808
-6.97111205865968
-6.99278551232495
-7.05803323310479
-6.94303207473153
-6.96568785608349
-6.98894401589143
-6.97178048025829
-6.99659378987562
-6.95208383761271
-6.98665948441667
-6.98383374545012
-7.02221185108202
-6.9909586516134
-6.95112877101123
-6.95146463242138
-6.9788322118856
-6.90182025282525
-7.03334815263308
-6.98105077472773
-7.00213761650101
-6.96658252603437
-6.99985471517892
-6.99491068901019
-7.00462524629533
-7.0017056888104
-6.98956795202282
-7.03184412813629
-6.98995469346884
-7.00525734783367
-6.99643244830477
-6.99182163213177
-7.00531537617236
-6.99315895615458
-6.94660335177614
-6.96363394282584
0
0
0
0
0
0
-6.96730416465767
-6.98420512434015
-7.00916227438849
-7.00884920541792
-7.02534786170806
-6.9175031119347
-7.00063115419261
-6.95845185929029
-7.02304015247045
-6.99116238127039
-6.99339397253627
-7.00809628203813
-6.98334631330227
-6.98247540395129
-6.99594271288155
-6.99928928315617
-6.99950788763161
-7.00608509636981
-6.99898937426199
-6.98447596705137
-7.00127960543406
-6.99846377151265
-6.99952673556023
-6.98136686435963
-6.99441915319542
-7.00259259544227
-7.00557307568107
-7.00506883053892
-6.96812952469958
-7.00531870735671
-7.0098488832518
-6.99856887100438
-6.99284524255661
-6.98152250693843
-7.00302347275487
-6.99634823344923
-6.96404151710089
