Force
0.404460751337779
0.407801666903674
0.40207812134102
0.409201485718446
0.393756112639453
-0.97454739846894
-2.18982599253562
-2.47562894408573
-3.67983391110431
-4.48878261343819
-5.52984964386814
-6.08327643184663
-6.26988809638823
-6.59994844906778
-6.74108705505306
-6.76726689842491
-6.85028530181853
-6.91561691686646
-6.97929513412544
-7.00475670348906
-6.9883760777402
-6.96966614338288
-6.95249016733358
-6.94747895931419
-6.98051574474392
-6.98537304088887
-6.99297100649896
-6.95894276745185
-6.95431797389657
-6.9975400332175
-7.01252125239006
-6.96882284434376
-6.96331451284459
-6.97172535820277
-6.98283630622015
-6.98548525617445
-6.9825359059825
-6.98339506051118
-6.95315479642556
-6.98608871011459
-6.97093045354335
-7.00473140716904
-6.99088641281291
-6.9986391134824
-7.02166331638901
-7.01204358904202
-6.98672855821677
-7.00207386951327
-7.02671986426816
-6.98121835032723
-6.98193408982788
-6.96190958487869
-6.9890216616401
-7.01989049239326
-6.98853030412938
-6.99757206080798
-6.98568553098992
-6.99321492319344
-6.99961450914381
-7.00105409552476
-6.99640349311926
-6.98614397074652
-7.0057433245204
-6.9919054757569
-6.99107952699134
-7.00082671789091
-7.0092484811917
-6.98740743703542
-6.99962276484203
-7.02210530719384
-6.98550489637541
-7.01351511877583
-7.00212970951121
-6.99946384171787
-6.99734352589173
-7.00304974102967
-6.99794091447127
-7.01934326202618
-6.98566413060158
-6.98640479959173
-7.01629095091986
-6.9582096268292
-6.98503283814844
-6.98768779789369
-6.9653234871456
-6.98104578784011
-6.98443502044089
-6.98891701806214
-7.00430140571774
-7.00301991794763
-6.99281064205056
-6.97842048588091
-6.99283586448122
-6.96935836405064
-6.98413052847204
-7.00367774805267
0
-6.99414401592525
-6.99352345718975
-6.99937170388866
-7.00514268622813
-6.99490767619123
-7.00773136249988
-7.00418559272084
0
-6.98054558228979
-6.98086693216804
-7.02404800114786
-7.0186845100555
-6.98855345549762
-7.00225442125054
-6.98005330518704
-7.00662314452295
-6.99803395843217
-7.00248711761432
-6.99854468163292
-7.00617652301267
-6.9932064434054
-7.01527024633237
-6.98746103989485
-7.00968936832556
-7.00209004343483
-7.01449034466948
-6.99250165547044
-7.01384805490368
-6.99727354963282
-7.00986560277009
-7.00807186349551
-6.99295493735672
-6.99555329811473
-6.99541465776908
-7.01584614643704
-6.99651614739603
-6.99104584617236
-7.01001486172748
-6.99027814758794
-6.99899049158424
-7.00682494922304
-6.99277585625604
-7.01129560261432
-7.01331807269005
-7.00643406177785
-6.99607291959051
-7.00092168982769
-7.00338689683585
-6.99062610802907
-7.00626075937606
-6.99272334072996
-7.01100079740718
-6.99562819575892
-6.984363415196
-7.00558098968145
-7.00731315333777
-6.99618754222534
-7.01971960039607
-6.97804527401289
-7.00171685656886
-7.00347002692719
-7.00197425999996
-7.0069897586465
-6.99551105823957
-6.99572778129364
-7.00729672391196
-7.00680995329559
-6.99771141242869
-7.01174893967016
-6.99132004700553
-7.01695338237993
-6.99953799298074
-6.99891560828708
-7.00416813668276
-6.99829645005061
-6.98737373514697
-7.01394487288593
-6.99723706410263
-7.00657706101715
-7.00370094097445
-6.99660723055525
-6.98023542159981
-7.01006863587522
-6.99575487035058
-7.00717539722765
-6.99720849244872
-6.99826821550984
-6.99807590793412
-7.02510015557174
-6.99669169770932
-7.00739483561247
-6.98959530457337
-6.99105029871124
-6.99904971542134
-7.00465770243469
-7.00016528110563
-6.99598347480377
-7.00596122837569
-6.99760807077855
-6.98637191963796
-6.9941406991293
-6.97922041961666
-7.00096274183991
-6.99821274189063
-7.00751868120024
-7.01966177134633
-6.99988828361409
-7.00774668178728
-6.99843514234867
-6.99914459561943
-7.0046005027187
-6.99730264873638
-6.98951414076472
-7.00821653629151
-7.01117161767401
-6.99284432940497
-6.99732328161946
-7.00747628033305
-6.99941525689582
-6.99246579098292
-6.99296170905154
-6.99853564339111
-6.99834471867421
-6.99861685940127
-6.99561284765606
-6.99964540681452
-6.99629922274992
-7.01522522539593
-6.9931399111422
-7.01283119574763
-7.00996196430506
-6.98878436141473
-7.00385092701694
-7.01530470056528
-6.97431728591325
-7.00570980585763
-6.99265865708745
-6.99447686932063
-7.01832280335266
0
-6.98575797192325
-7.00726119762073
-6.99869283461531
-6.94772627435643
-6.91518866421124
-7.02440710996282
-6.95582423891987
-7.0035100384892
-7.01520202176624
-7.01606788981066
-7.0247305859343
-6.91140990211248
-6.97492466952899
-7.0443971723464
-6.93584717426039
-7.0215704157312
-7.03829978420134
-7.03995196535727
-6.97483904519517
-6.9977033602385
-6.99045408881589
-7.00067466062902
-6.98898884051235
-6.99995009000661
-6.99069490084675
-7.00758734452211
-6.9700393367575
-7.00369766996085
-6.99231347347476
-6.98174740227139
-7.00263355713427
-6.99612177082588
-7.00435028592098
-6.99707511372648
-7.0158290827459
-6.99351237526174
-7.00623077771569
-7.00931575729556
-6.99918658254945
-7.00519583709577
-6.99914975805577
-6.97663208637581
-6.97844376385289
-7.01216450106647
-7.00148486239981
-7.00666387857935
-6.99014815066922
