Force
0.339570589686091
0
0.347248010695824
0.343680253935604
0.3468283157087
0.348658407309303
0.342027437067068
0.350952554256909
-0.120126441132691
-1.76871661776787
-1.89888525236841
-2.28842212906424
-2.65709177608946
-3.24700161201107
-3.69682944757841
-4.26153023657421
-4.3294418254407
-4.55915206475323
-4.63626953304267
-4.67189455498344
-4.81011447805559
-4.8542452442589
-4.8840643802179
-4.92553593072059
-4.91703122193747
-4.9164110291763
-4.92628412126281
-4.92233347434561
-4.96882363074949
0
0
0
-4.97270874129389
-4.96288915855653
0
0
0
0
0
0
0
0
0
0
0
-4.98937709656138
-5.00341426710077
-5.00934659853592
-4.99669388877817
-5.00572311354688
-4.99502863850437
-4.99814808618158
-4.9911983108623
-5.01489780883896
-5.00191749579148
-5.00087079876994
-5.01261447320448
-4.9925911193291
0
0
0
0
0
0
0
0
0
0
-5.0054318154273
-5.00448010403357
-4.98867428303288
-5.00449022502446
-4.99586139863467
-5.00147487951527
-5.00952876770779
-5.00994014569896
-4.98754310351321
-4.99023116709603
-4.98195850377448
-5.04872676257874
-4.95063739084523
-4.99045545081536
-4.98703990700214
-4.98920060523064
-4.99918285994447
-5.00832158473372
-4.99518106342162
-5.00405506495786
0
-4.99340870959433
-5.00289537972412
-4.99558696586534
-5.00958051835055
0
0
0
0
0
0
0
0
0
0
0
0
0
0
0
0
0
0
0
0
0
0
0
0
0
0
0
0
0
0
0
0
0
0
0
0
0
0
0
0
0
0
0
0
0
0
0
0
0
0
0
0
0
0
0
0
0
0
0
0
0
0
0
-5.0029877005478
-5.01512261030604
-4.99960424978077
-4.9937544875566
-4.99532163665806
-4.99680127900115
-4.99820933975466
0
-4.99221477602536
-5.0042449265348
-4.99669149729955
0
-4.99824340926859
-4.99684605275105
-5.00740347560176
-4.9875426044851
-4.99974907694715
-5.00225331758698
-5.00384440167235
0
0
0
-4.97290519058985
0
0
0
0
0
0
0
0
0
0
0
0
0
0
0
0
0
0
-4.93487495866537
-5.02696958038941
-4.98782721012866
-4.99791245691064
-5.00221859750866
-4.99114322030087
-4.96846654178923
-4.99448459895507
-4.98591378714462
0
-5.00418154361349
-5.00414625766935
-4.99826281602471
-5.00110240593108
-4.99915166805634
-5.00447190110008
-4.99499938122445
-4.96598965107741
-5.00685154291038
-5.00346641525095
-4.98774184814211
-4.99175771641101
-5.00184531757355
-5.00100858226003
0
0
0
-5.00193304521519
-4.99727041717629
0
0
0
-4.98752526430147
0
0
0
0
0
0
0
0
0
0
0
0
0
0
0
0
0
0
0
0
0
0
0
0
0
0
0
-5.00634457355006
0
0
-5.00150596744134
0
0
0
0
0
0
0
-4.9949809618481
-4.99572900220582
-5.00641637188774
-4.99657896028165
-4.99384986185438
-4.99503673074372
0
0
0
0
0
-5.00769890038197
-5.00042348715028
-5.01926408236694
