Force
-0.293707352121039
0
-0.301887959766049
-0.304375832792601
-0.301249012902465
-1.34773506482285
-2.10643124569057
-2.0502378519309
-2.55186289190409
-2.50314433237705
-3.46757858842686
-3.79358916628714
-4.21938073636995
-4.57803560831676
-4.63132662835544
-4.78809107003548
-4.82507093238149
-4.90105593523848
-4.9168772632145
-4.92921071351526
-4.93556614081231
-4.99089600913079
-4.95082542188017
-4.96310484397295
-4.96680083801197
-5.00244369223764
-4.98438913815865
-5.03775909664398
-4.95594539248351
-4.99336340753744
-4.98681090629796
-4.95783807185278
-4.97815761640821
-4.99757939173332
-4.97333359128656
-4.99454390107043
-4.97078199985965
-4.98878581880605
-4.98215426630225
-4.99123805274306
-4.9956985906663
-4.96305572786945
-4.99876383845277
-4.99005036305848
-4.98786800198777
-4.98834592840837
-4.99762849909582
-4.99688564124873
-4.98381735243866
-5.00635739135318
-4.98895137856159
-5.00280325846658
-5.01301841734698
-4.99260096847696
-5.00243042551972
-5.00606137975467
-4.99148670571401
-4.9923141693495
-5.022188362072
-4.98309709494887
-4.99799841692156
-4.99793322539613
-5.00756105083092
-4.98976775041966
-5.01412509506347
-4.97715928994423
-5.00161443283369
-4.9865707709498
-4.99542291033181
-4.96777948845132
-4.98501169981267
-5.01844205504253
-5.00285071358651
-4.99810484233146
-4.99669954473844
-4.98750073069175
-4.99609826392992
-5.01241339971073
-4.99288513323233
-5.00022551465381
-4.99236771806031
-5.00342220362183
-5.00796143227154
-4.99467681509634
-4.99911586741482
-5.00005947820989
-5.0057748441698
-4.98993080374425
-5.01020413013551
-4.98754716682094
-4.9985458833592
-4.97448755862481
-5.02041770168644
-4.99473058088448
-4.99122510564816
-4.99230601004566
-4.99883075182685
-4.98681894360635
-5.00199868737784
-4.98655309608544
-4.99748053964815
-5.00027300070982
-5.00311873699331
-4.99525932355682
-4.99494642521933
-4.98614982080762
-4.99998767534373
-4.99323144326009
-5.00283373357556
-5.00747949956973
-5.03266318256148
-4.99456378194766
-4.99998701283517
-5.00296801236298
-4.97552311767078
-5.01800651314497
-4.99448455491246
-5.01219879438709
-4.98448166740558
-4.99960148156852
-4.99684281955534
-5.00764886818819
-5.0010656308626
-5.01154244048695
-4.98893696493715
-4.98989151691616
-4.99079256417217
-5.00571115806575
-5.00274699202913
-4.99594283296435
-4.999970209579
-5.00140678784136
-5.01336039015931
-4.99160956823664
-4.99146163114366
-5.00221923237103
-5.0012941290585
-4.99067802747884
-5.00541856035514
-5.00467416425655
-4.99067854715929
-4.99302166852171
-5.00436035796552
-4.98231547227613
-5.0078746862875
-5.00308444866033
-4.98867324247013
-5.00284144345639
-5.00303404664551
-5.00722961439432
-5.00199350848558
-4.99863780519147
-5.00296765922529
-4.99864881199674
-4.98671618089237
-5.00370511398851
-5.00484724060995
-5.00506628199279
-4.99987039879585
-4.99349617554168
-5.01530159967692
-4.98252198667668
-5.00502651626516
-5.00327968215054
-4.99680921634431
-4.99756712432142
-4.99183638470463
-5.00118357600148
-4.99181778970418
-5.00044282999385
-4.99677960668015
-5.0005708339762
-4.98711264628156
-5.01264908463976
-5.00519391015087
-4.99868010604762
-4.99960165985466
-5.02001778503582
-5.00369039610945
-5.01066667560092
-4.99172736974823
-4.99861334821235
-4.99217274240077
-4.99150655646785
-4.99520418257835
-4.98267400432258
-5.0056482947547
-4.99534998842746
-4.98964468564741
-4.98630662711129
-5.01593667758793
-5.00491355758117
-4.99383338478943
-5.00217429899439
-5.01854357331912
-4.98625461804549
-5.00943201653541
-4.98263809942021
-5.00438932695439
-4.98678134759896
-4.99561665675642
-5.00857224097746
-4.98053991005683
-5.02755945571383
-5.00238459640952
-4.99845286655715
-4.98669259063445
-4.99428387100621
-4.9461879931238
-5.02133828265991
-5.01071328350916
-5.00487075870243
-5.01739060623711
-4.98579962413385
-5.00593750087353
-4.98671800402329
-5.00712992542674
-5.01732306479038
-4.98639011463328
-5.00444409910712
-4.9965107653191
-4.97062670968993
-5.01346468936295
-4.98757531946636
-4.98658419539178
-5.00990963789915
-5.00768582392848
-4.9692633384259
-5.00225574681789
-5.00496953123629
-4.99819204257112
-5.00438803260767
-5.00122558866559
-5.00033282080576
-5.00593435928892
-5.00717555430365
-4.9958061366064
-4.99640273096243
-4.99660264217035
-5.00024284071182
0
-5.00378919119305
-5.02098546290007
-5.01984447272409
-4.99057901112307
-4.99692840955264
-4.99621616012988
-4.99887481388178
-4.99426464615035
-4.97478359072447
-4.98949239683835
-4.99252264540111
-5.01150018585674
-5.00958564498624
-4.99199952900864
-4.99089092666081
-4.99549324759459
-4.97936554173058
-4.99317868393036
-5.00871026679743
-5.0099561803825
-4.98812981233213
-5.01663598964492
-5.01161477259649
-4.99044218460944
-5.01373793204365
-4.99469083017205
-4.99946255470148
-5.00694010143211
-4.9824264290235
-5.01546711272782
-4.96210841322107
-5.0181924242451
-5.01748206077331
-5.00373418342813
-5.00050499652949
-5.00935267529503
-4.99282297590194
-5.00955268526903
-4.98528309075891
-5.01087142501462
-5.00896509037948
-5.01056596940843
-4.99418115422659
-5.00140082355854
