Force
0.365632477928297
0.369961676076539
0.357709084062209
0.37594123746723
0.373038645635999
0.696394213509135
-1.91565298743964
-1.26910360636026
-3.00348268807695
-4.33822869501267
-5.37631584641997
-5.9113281445252
-6.24787327593647
-6.54982644309487
-6.6499310932334
-6.76636136985135
-6.85353970696492
-6.9209203527753
-6.91583553355991
-6.93798155549712
-6.96470262310301
0
-6.98138947930332
-6.97200315207982
-6.99496232646719
-6.9808306487031
-6.94594838073157
-7.01993839323114
-6.98280716241082
-6.97551950902767
-6.97807558498279
-7.00895328313129
-6.94278004275092
-6.98255349677717
-6.98177863240368
-6.94394993326969
-7.01973292464949
-6.9535261584375
-6.99964170227786
-6.96763576058401
-7.01540053881397
-6.94512607349293
-6.95898285379124
-7.00265436910079
-6.97881730555224
-6.99931039194032
-6.99592150936003
-7.02389337302272
-6.9724340446983
-7.00765193113033
-6.98764211181989
-7.00138196123011
-6.99703313601269
-7.0004019917104
-6.98989248988276
-7.00249264083139
-6.99800780640872
-6.98890964476884
-7.00494777254072
-6.99987783773074
-6.99604431145883
-7.01013996431973
-6.99150620205952
-6.99038824671307
-7.0005787339077
-6.994781199022
-7.00766200601335
-6.98602536902665
-6.98549436575751
-6.98497963892892
-6.98719426104282
-6.99478252552108
-6.99091084031003
-6.99889457706532
-6.97372756423104
-6.99367842846335
-6.93777039357674
-6.97813360115352
-6.98980755340596
-7.00179191443512
-6.99708329429356
-6.97164744853524
-6.98220504325002
-6.99286276495652
-7.03295629640766
-6.97783923814859
-7.01685741766247
-6.96504824941273
-7.01662636348484
-6.99764935074063
-6.99431259903223
-6.99895458717483
-6.97182818118939
-6.95730117061907
-7.00911411231321
-7.00421075767904
-6.97772653094937
-7.00192158221583
-6.98176811061438
-7.00282182321097
-6.99973506207518
-6.97658213157258
-7.00362001600223
-6.99445782506724
-6.98725912445272
-7.00914424041288
-6.99459913589045
-6.99215839075993
-7.01708644287264
-6.99315952091126
-6.97455630528592
-6.99929981935469
-6.98373017394951
-6.99500777980238
-7.00155032747885
-6.97974182811901
-6.99967180717077
-7.00112270512886
-6.99914685191846
-6.9855360972224
-6.98269965232315
-6.99586891968577
-7.00520296337748
-6.99958204090038
-7.00332015017165
-7.01157631318551
-7.00390304481641
-6.990035938611
-6.99480986670842
-7.00242389872685
-6.99945022124611
-7.01059794477209
-6.99106672594856
-7.00287701448172
-7.00289671826003
-7.00137930890045
-7.00747509404013
-6.99700076193063
-7.00447218690279
-6.98582164728654
-6.97194352535023
-7.01881080758328
-7.01222427795711
-6.99394319062168
-6.93567180107205
-6.97717823512059
-6.85736478013832
-6.99589615007946
-6.91954907758867
-6.93306370878662
-6.97554537718208
-6.94519821605988
-6.96423906593782
-6.97598123422898
-6.99987672854205
-6.99385673484022
-6.99917607375809
-6.99498731947306
-7.01323304169819
-6.99946117488265
-6.98550305757794
-7.00829606829979
-7.00297951704813
-6.99838963578933
-6.98867534051625
-7.01053637675507
-7.00462581490975
-6.99435241886752
-6.99467451559708
-7.01474126397197
-6.99352819838661
-7.00668813262382
-7.00689857384944
-7.00664086727757
-7.00969063722791
-7.00514505308818
-7.00730483008992
-6.99728109291164
-6.98916982571895
-7.00331823912761
-6.98115906186231
-6.99903630636883
-6.99981970422269
-7.00003825548259
-6.99600734673874
-6.98697315955906
-7.00164160023376
-7.01051983372497
-7.00704913190039
-6.99085893864066
-7.00668443624746
-6.9985218219038
-6.99566034814706
-7.00720819413553
-7.00280360627227
-7.00880946192836
-7.00945783656322
-6.97916061960636
-7.01248605567195
-6.98479513619278
-7.04440039144558
-7.00798325686418
-6.96827045370526
-7.01548828893898
-7.00153085566606
-6.99822391303859
-6.98779275062545
-6.99733493790963
-7.00765686626534
-6.9886334379961
-6.99970472358901
-7.0174668573355
-6.98537663977716
-7.00155316361535
-7.00106799524818
-6.99821228025859
-6.99676652983217
-6.98440472832147
-7.00056319684848
-7.00274854933969
-6.9939344109284
-6.98910204427352
-6.98887132719546
-6.99233200256545
-6.99987527195188
-7.00747838627302
-6.99763229195954
-7.01156773678578
-6.99221560128931
-6.99720340684086
-6.99737002490291
-7.00182646269985
-7.00889325531227
-6.99335537293211
-6.99344110376736
-6.99872787759344
-6.99443434006264
-6.9931517060241
-7.0037010328965
-6.99949851567306
-7.00202585318202
-7.00519936947055
-7.01615184912587
-7.0009247201109
-7.00376306030965
-7.04033208333363
-7.01996227301124
-7.02382808468118
-6.9872184992006
-7.02608495353599
-6.98548739489791
-6.99411965847973
-6.98134312007594
-6.9922907295145
-6.98730171077672
-6.996170810748
-7.00095971970583
-7.01805337982403
-7.00860299820938
-6.99232756357384
-6.98686010262683
-7.01027952285992
-7.00720376994067
-6.9909778818955
-6.98750873638172
-7.01189595095031
-7.01427186057783
-6.99954228366999
-6.94051568840135
-7.00212234804706
-6.98772265071989
-6.99605833243392
-7.00746957024027
-6.98902840084201
-6.97835404053903
-7.00683704696412
-7.00900145902143
-7.02465589904337
-6.93646374593515
-7.02176152789567
-7.01831385188161
