Force
-1.34957801301703
-1.3495902620775
-1.34959224495133
-1.3494963555189
-1.34951246580292
-1.34958752480686
-1.34959733307949
-0.698004201851439
-0.69266410780253
-0.688357376366059
-0.666407191184181
-0.645638337321533
-0.673777741487993
-0.678379068481653
-0.683779628823666
-0.670609214645058
-0.660932246157681
-0.653517071520066
0.590378576782407
0.593446025934851
0.596882006829068
0.600675789582248
0.605169156414621
0.609774207811724
0.625750236457441
0.628133249393879
0.730141273333602
0.614154036869713
0.618622972327311
0.622576864898099
1.21105935758379
1.21357425667416
1.67026566531624
1.82266043673152
1.82358518852138
1.82454085357259
1.82544096169817
1.83196465992167
1.83350100318728
1.8274567618059
1.82640121849799
1.82861832094056
1.82944965975547
1.83072562758785
1.93221571351241
2.1485622683298
2.14942992653221
2.19714228012078
2.19740689903563
2.19788332678983
2.19833368174858
2.20041380578477
2.19918629095808
2.19867246983401
2.19950004727745
2.19978622591086
2.19988421574492
2.34359119808363
2.34399813771577
2.34415503415442
2.34459850084723
2.34532157796126
2.34531330371769
2.34491366409774
2.34490886805855
2.34512385841841
2.34497651390495
2.34515857401389
2.38658941684092
2.41958069118123
2.41963674946242
2.41886909286953
2.41870528720815
2.41935941942447
2.41939364781942
2.419427354565
2.41947546055749
2.41907508527686
2.41898598554516
2.42878686078979
2.43514268778514
2.44196385774482
2.44210030567377
2.44218776044394
2.44243122269626
2.44247826434377
2.44267689242238
2.4425734853501
2.442472907235
2.44251047999505
2.44232175961095
2.44262095324184
2.44687065837239
2.44841209126776
2.44849685110463
2.45919301247888
2.45916918448171
0
2.45911692902471
2.45908385442982
2.45910841880795
2.45930451866961
2.4591082918569
2.45908041782089
2.45910904257709
2.4593281378474
2.46495132584977
2.46497063660591
2.46505237526566
2.46499790126234
2.46509244442086
2.46501259550771
2.46502060627899
2.4649903347166
2.46501000130081
2.4650413656846
2.46483911987843
2.46326688139246
2.46323867331862
2.46336362889162
2.46330151369261
2.46319688309853
2.46312028998372
2.46280075005927
2.46316759722902
2.46320386627187
2.46306396244358
0
2.46296565374701
2.45560545446889
2.45386600954584
2.45387984686391
2.45397089590174
2.45374141478573
2.45395680614124
2.45393405627106
2.45392366098459
2.45401245015653
2.45384617722015
2.45400769323436
2.45401215539709
2.45383485710592
2.45175227834942
2.45162340612924
2.44868939328155
2.44850715438915
2.44842860606936
2.44825973193883
2.44815764548169
2.44813709791324
2.44711775654411
2.44418180541342
2.44701494689273
2.44700526413959
2.44688359590262
2.44705109216537
2.44707282137848
2.4471182922971
2.4327153097571
2.43257185292953
2.43275378126891
2.43266392187317
2.43257157148554
2.4326257200866
2.43276166837762
2.43245070397576
2.43259211810116
2.43252299790615
2.43265214332065
2.43229978446454
2.43042330759827
2.43041670898972
2.43037849286093
2.43040297455853
2.43045926560403
2.43041003282346
2.43041830219412
2.42999822438814
2.43045882911442
2.43039531944293
2.43038719475399
2.43017898576333
2.42766377096895
2.42627222908658
2.42613652130845
2.42561410165164
2.42564874827135
2.4255874849918
2.42548396442941
2.42557962644913
2.42527676251198
2.42556525080758
2.42554340995653
2.42525383518813
2.42541610941346
2.42523018091365
2.42546102420682
2.42472214592549
2.42438975889324
2.42293230518402
2.42284710815379
2.42288731329328
2.42291900330576
2.42299692908639
2.42306514165952
2.42292437643557
2.42276889030143
2.42312325937103
2.42290427610847
2.42321245639343
2.42280750576212
2.4235391934484
2.42352036393829
2.42355575239855
2.42360273467017
2.42354452319326
2.42352042894492
2.42355799690158
2.42479565573107
2.42319558012673
2.42329102588644
2.42368026105952
2.42315757707187
2.42459902920494
2.42446766571995
2.42468541201389
2.42456896888394
2.42462750566404
2.42467986608048
2.42473631983937
2.42452300216533
2.42480167880208
2.42456832355397
2.42474119447521
2.42453461429203
2.42465788609363
2.4246430055193
2.42465736672105
