Force
-3.61317527566824
-3.61306637259795
-3.61311872116978
-3.61310938164668
-3.61306272663271
-0.322460644117194
-0.319538036972472
-0.316381434421703
-0.313214327556784
-0.30984565138981
-0.309554796268968
-0.31152983205968
-0.3118647175571
-0.312202808456969
-0.310909402925062
1.17955587238473
1.18159779454291
1.18377565802885
1.20194119113037
1.20445901279627
1.19227162729162
1.18995792215677
1.18793435786841
1.18590574823739
1.19488682664983
1.19704972081304
1.50399257742058
2.0628073300096
2.11274177139204
2.11382014587167
2.11536622996432
2.11661228751572
2.11931409138805
2.18338398754461
2.18485538428791
2.11795368849229
2.12108242123874
2.18096846878429
2.18233082687518
2.38351356644958
2.39409771648837
2.38424636501943
2.55896890565888
2.56902654362251
2.60542479501573
2.63987862934677
2.64043814080769
2.64035224659608
2.64034212241204
2.64049811036496
2.64050762447961
2.64742788216942
2.6536917213945
2.64610370603426
2.64603368403975
2.64634896478623
2.64696551979452
2.69183652736184
2.72344085004371
2.72385522522272
2.72393302065838
2.72421545868789
2.72449717400594
2.72476517444414
2.72502085746317
2.7285525899839
2.72512936778299
2.72507938215649
2.72495800652955
2.72515403002875
2.73270306822442
2.72395854559527
2.72227985040549
2.72211820065936
2.72199269345498
2.72196352457574
2.72196095113777
2.72018322170029
2.7220058412076
2.72215010001349
2.72112339523205
2.72049639288154
2.72029957797213
2.70017769219612
2.70815346619491
2.70854105355492
2.7085760040113
2.70841866327681
2.70854070746993
2.70862806548373
2.70844902852537
2.70853011039292
2.70892831502436
2.70866344934886
2.70886578952519
2.70847251716926
2.69472220082218
2.69496325734317
2.69481650854169
2.69514631002766
2.69512679947532
2.69511825838318
2.69558175611078
2.69492459080695
2.69497917268537
2.69502174638455
2.69512256641708
2.69503360144917
2.68373149853019
2.68361736186293
2.68361828845367
2.68369365323049
2.68362718589163
2.6835156018663
2.68346401227021
2.68290558614358
2.68349783237795
2.6835577157834
2.68339790087511
2.68359381696845
2.6768748218263
2.67369988379515
2.67169142938565
2.66982856755073
2.66987407211328
2.66994566830098
2.66999109366493
2.66943520562914
2.6698206729107
2.66997474726417
2.66975922149515
2.6695124276848
2.66950824102484
2.63844281122426
2.63826882649056
2.63831018476276
2.63816870145234
2.63833458508354
2.63818969844147
2.63836170156212
2.6382817696838
2.6383984533059
2.63835206814606
2.63832061601427
2.63315130035511
2.62539325486435
2.62386168558413
2.62385600819125
2.62385873828213
2.62381298092425
2.62402179081465
2.62396403450711
2.62357678363645
2.62344871162766
2.62333289010457
2.62353220978892
2.62345037272645
2.62328548955737
2.60713616316649
2.60712147453398
2.60706582818764
2.60697333558768
2.60720860180771
2.60721706941876
2.60704157720065
2.607137122813
2.60728236525352
2.60417805625989
2.60417742039693
2.60424898681954
2.59601715153006
2.57638936318766
2.57619310214856
2.57610389159807
2.5759990735039
2.57592114744109
2.57580876199817
2.57576757464544
2.57594766145205
2.57554306452281
2.57577508568418
2.57555453413494
2.56763777903286
2.56780997178805
2.56775810753923
2.5682424176262
2.56804228215546
2.56837317755095
2.56850859005294
2.56832249040304
2.56802077766231
2.56846929272065
2.56850985411368
2.56451556736364
2.56173656271605
2.56168367735652
2.5618099917424
2.56192486175662
2.56184410590097
2.56162928129422
2.56173149392273
2.55936447514965
2.56167381422993
2.56184888969536
2.56191777120256
2.56199418018667
2.55678560560168
2.55666088400467
2.55655768796607
2.55674720458753
2.55653434542966
2.55647969557603
2.55678211443974
2.55666194833041
2.55679739036547
2.55666971545829
2.55648685122051
2.55655887215715
2.55601584726237
0
2.55535246642155
2.55534308408776
2.55527870899593
2.55530049536694
2.55536697101954
2.55538096255715
2.55511516807734
2.55529299538306
2.55532966513538
2.55537435832995
2.55330262701126
2.5533252145926
2.55334947368856
2.55345851807792
2.55325323875761
2.55332976014384
2.55330883258399
0
2.55335263961766
2.55327786491701
2.553306915701
2.55331087371627
