Force
-3.65462754093255
-3.65467938245091
-2.70650672445048
-2.69522258922507
-2.68447721746804
-2.62359595983449
-2.61265852301207
-2.64371920195226
-2.6524483887921
-2.66277936139984
-2.67325873914604
-2.63719385094832
-2.63238189758678
-1.48298080055961
-0.232224528687904
-0.162678588780158
-0.156073580680141
-0.160298710482021
-0.158347363584122
-0.153336037314542
0.0669814680723033
0.0631842673064423
0.339304707154765
0.211628719720921
0.0484399325351412
0.0523039829594754
0.0559305022966641
0.0595622362996749
0.574984845687198
1.0100803755721
0.914137021937142
0.71104915175761
1.40494428493632
1.69805280045063
1.69912051397699
1.69979458193692
1.70071970587431
1.70135762860035
1.70542390364949
1.70630855102629
1.70471891163829
1.74241333443142
1.70226718756796
1.70296270067251
1.70371605047563
1.89875285128588
1.89979733911153
2.0686917955961
2.14150120858938
2.14209453779554
2.14268936610442
2.14596926818478
2.14613188193833
2.14498460195749
2.14456972370057
2.14392031134732
2.14324149325231
2.14545662137465
2.14579778232115
2.18693455250496
2.25566952330648
2.25576818367763
2.25599551363027
2.25641136112102
2.25687922671271
2.25734423149836
2.25778032884884
2.26183614220021
2.25750369978271
2.25789031723006
2.25778870524267
2.25780262801049
2.29117243132109
2.25178028924746
2.26013008792538
2.26010705490384
2.25656162790058
2.25635519065943
2.25609014966388
2.25846405093501
2.25867229465505
2.25883782340912
2.25894292735441
2.25911317916551
2.25934675189593
2.26169174540789
2.25936151510929
2.26011516770811
2.26007777057503
2.25908500095953
2.25935595528563
2.26685146725903
2.26931432954452
2.24263651467455
2.24341769794805
2.24417571824333
2.24525587732849
2.24658754847958
2.24763541789917
2.2484800580915
2.25329674304797
2.24937419479635
2.25204202675443
2.25228884689103
2.25205870638855
2.23791314171862
2.21663814586963
2.21695871814612
2.21713823611266
2.21715678648259
2.21673718953491
2.21744553812443
2.21740413344408
2.21719614193097
2.21701706045811
2.21750117221741
2.21750228832033
2.21674965108917
2.21358881740074
2.21363921388738
2.21376912138742
2.21365634355382
2.21382116616851
2.21374486154033
2.21255125776398
2.21090806762588
2.21349859076157
2.21340957113937
2.21198881750109
2.21289689281251
2.20871449579948
2.20501497275404
2.20133555515602
2.20154736448397
2.20131225500153
2.20138266109116
2.17969268696157
2.18024008537108
2.17548761264754
2.20139656218332
2.1770066173115
2.17802094829002
2.1789974147017
2.17567153786283
2.17561433931844
2.17549395848855
2.17565378498946
2.17564429326735
2.17568587864634
2.17552045585191
2.17580312771946
2.17589715378775
2.17580578315689
2.1757114648185
2.16814681225735
2.16702323504999
2.16689982820666
2.16679755690576
2.16693436256878
2.16701450011152
2.1668462993022
2.16683603763945
2.16704979780468
2.16605945095018
2.16684816465857
2.16694756451747
2.16694169745243
2.14599080274819
2.14493816976261
2.14480527272931
2.14484626208311
2.1447851441966
2.14484424253816
2.14472686673494
2.1447806811378
2.14466557981941
2.14408719456443
2.14467365242861
2.14471104220526
2.14474307506729
2.14263960382063
2.14237951168281
2.14242029027429
2.14242809704412
2.14245969112105
2.14245942925614
2.14248986524854
2.1425118830734
2.14255852245243
2.14259004697882
2.14247300091974
2.14255918319235
2.13518366426007
2.13300729747235
2.13301074812266
2.13294153999813
2.1329875423954
2.13298143816585
2.13297516506721
2.13297923357929
2.13295302243865
2.1324767329239
2.13294840232963
2.13306602607338
2.13294906765249
2.13282460582501
2.12754726247164
2.12752445388465
2.12772315001758
2.12783364318537
2.12789465260149
2.12818092739872
2.12795890671192
0
2.12791094369046
2.1282022709107
2.12820556085667
2.12568682876539
2.12564893998869
2.12562210092425
2.12570277890237
2.1254832679926
2.12569835872093
2.12577416023313
2.12557363467841
2.12574527652301
2.12547170943392
2.12547431658237
2.12565654725926
2.12566613015597
2.12946578382109
2.12994337740553
2.1343686601897
2.13440138727871
2.13438026408289
2.13447907306325
2.13448786449039
2.13438558109977
2.13436742629837
2.13435180349276
