Force
-2.85028765543124
-2.85021410827138
-2.85029623242422
-2.85027272572537
-2.8503005223798
-2.85018351594289
-2.85024839574127
-2.85025263563706
-2.85025729292462
-2.85030922507765
-2.85026326988817
-2.85039702666807
-2.85032782643024
-2.85014645797587
-2.85038683370969
-2.85013630309325
-2.85030954646768
-2.8502908477458
-2.8502459480814
-2.85033629012858
-2.85027775894334
-2.85018850080063
-2.85020297702473
-2.85019694910818
-2.85020611141424
-2.85022906462112
0
-2.85034387120701
-2.85011007347277
-2.8501743107759
-2.85030978446062
-1.11746222233114
-1.10907106777101
-1.10105826419487
-1.09325757583819
-1.08650387543856
-1.0805466712264
-1.05465192728487
-0.798424203899704
-1.07449798684929
-1.068523734029
-1.06201394951802
-1.04575106811208
-0.242889442806972
0.743604384863291
0.747658892541804
0.749889437861336
0.752886874195965
0.7559619552785
0.768992978407413
0.858470688462035
0.759329672605709
0.762790935706282
0.765837748966799
0.771606313955201
0.856919221254833
1.29492367460653
1.8260608969416
1.82706953321409
1.82816506869579
1.82929123580557
1.83033793574772
1.83517767938331
1.83659522543355
1.83144457414544
1.83227544949261
1.83293532550617
1.83396459320404
2.04756177092745
2.1527186092901
2.15336252434525
2.15411860637764
2.15481307405852
2.15561487932025
2.15861683736115
2.15853058351946
2.15842159286871
2.15640668951073
2.15708863434794
2.15785832901072
2.23855925696581
2.28555953210525
2.36337854587151
2.37740461020932
2.37737396575885
2.37771553676512
2.37757236299752
2.38055953445258
2.38061707341944
2.37836482938426
2.37822703180411
2.37872796381148
2.37941474418811
2.37983192185597
2.41804714335409
2.43725542402113
2.45019911598198
2.454759400502
2.46123662459589
2.4614425546657
2.46158916663522
2.46170195302032
2.46142868745385
2.46154954038882
2.46169753557299
2.46088034909031
2.46098206859699
2.4673244032306
2.46732281525255
2.46113933225475
2.46807171334661
2.4697144836474
2.4714007832363
2.4805880398214
2.48373614691887
2.48408341118847
2.48407100963313
2.48417701219807
2.48420912894131
2.48423382320274
2.48478212636841
2.4845930980297
2.48350186440373
2.48504697892102
2.48446920717546
2.4845752259377
2.48447713105297
2.48130240076946
2.46738158971888
2.46736242575211
2.47048585684686
2.46795489691619
2.46770601979923
2.46807885639648
2.4680747964236
2.46787328285511
2.4681345295117
2.46784566313505
2.46811247671207
2.46785131709613
2.47010105486662
2.47013696945141
2.47006704038298
2.46952308412356
2.46982608283531
2.46996737295961
2.46997229610042
2.4712615984442
2.4710552455875
2.47040038505392
2.47054213586904
2.47053231298216
2.47027462472783
2.47045045480306
2.4703642421448
2.47033122687544
2.47036710580748
2.47039522457516
2.47058918843603
2.47050867657132
2.47013503949268
2.46492940888755
2.46480027899095
2.46479186814659
2.46485318895355
2.46453691553324
2.46493677570646
2.46480272120437
2.46456213677346
2.4645732075059
2.46446645484358
2.46479841828003
2.46491448881094
2.46396003981975
2.46416839810243
2.46389305105765
2.46323353048774
2.46339281694308
2.46293900958388
2.46352410717962
2.46343620870292
2.46075013790554
2.45853878089502
2.46230808802719
2.45443336636746
2.45468145919962
2.45440463795193
2.45425044820165
2.45438809649304
2.45434165910195
2.4544432440241
2.45453824716903
2.45425712604602
2.45414456068143
2.45439470981115
2.45457744082221
2.45119699913523
2.4469289544862
2.44710448549216
2.44726040418723
2.44711132505996
2.44714577992053
2.44712814177427
2.44707468932632
2.44725023544921
2.44687666544891
2.44703526655127
2.44689483870365
2.44694334178722
2.44684919648167
2.44693338061345
2.44129179884875
2.44125704875618
2.44122787884336
2.44136493715909
2.44107446018075
2.44137867781715
2.44143021498161
2.44134658808768
2.4411334914499
2.44145301318371
2.44138020506134
2.43823240321257
2.43754195239943
2.43765787660777
2.43745833096784
2.43765634394443
2.43751118216166
2.43765365337311
2.43749151787091
2.4375293276264
2.43728935139122
2.43751086506588
2.43743011256624
2.43750482180208
