Force
-1.35601687692584
-1.35614985663963
-1.35613138265587
-1.35597798558203
-0.559662471997602
0.594438764712307
1.46263995743315
1.44942357535244
1.45604022941598
1.8255572794704
1.85166950739704
1.80512982706878
1.79391276461285
1.46855348035567
1.81583047982849
1.83458606465522
1.84296197772952
2.82874552461712
4.8704228663408
5.07640602764636
5.07402005957552
5.07831699852181
5.25920877580332
5.25034953057977
5.25372250320374
5.24705281802688
5.24374648390982
5.24030585457361
5.26230702122822
5.25672951664013
5.52512066850439
5.62940064750986
6.44793882379604
6.6175037851501
6.61903715548001
6.62532897654646
6.62053596064515
6.62229256233604
6.62752361571248
6.62360506449264
6.69077749751602
6.68970259679077
6.79892166417761
6.68679821118261
7.01885314181154
7.019245969587
7.24220805916778
7.24282045352084
7.2440064211322
7.24465387554261
7.24521782610998
7.24603369492233
7.24788942224203
7.3218443070065
7.30054265339738
7.24664857707727
7.2486231443141
7.29999550849547
7.24727654184663
7.36621503492184
7.42762456180574
7.42775753011426
7.42824029197879
7.42828139774805
7.42882550983481
7.42920708835486
7.42915974039345
7.42884688338381
7.42881807927524
7.42904021267974
7.4291156219708
7.46384129918415
7.47354840261405
7.47416831578229
7.47389820617254
7.47368795421567
7.47960107369071
7.47979770783427
7.49579985839837
7.49604579829262
7.49588389423542
7.49598459837487
7.49590834415226
7.49558614916762
7.49580721357836
7.49501623050272
7.49931772952311
7.49507705226544
7.49484309863736
7.49483501500561
7.49910366389013
7.49890417977078
7.49897013423992
7.49884505992994
7.49906346093229
7.49909676635054
7.49907765954913
7.49901239077488
7.49908347376854
7.49905496108764
7.49896429933082
7.50443574140813
7.49363685919499
7.49357378026079
7.49375664560951
7.49545283818304
7.49524199436116
7.49513699912773
7.49459872760244
7.4953814779605
7.49559506732235
7.49564456433062
7.49267152774535
7.49310416152867
7.48387693250766
7.47682225586153
7.47659205430168
7.47551135012965
7.47545966728747
7.4756481995847
7.47555370213434
7.47550583201565
7.47559765424847
7.4742597895284
7.47573604432357
7.47429741254441
7.47405956967379
7.47343740164789
7.47360693640803
7.47400436323823
7.473812612858
7.47366876317608
7.47377113190393
7.47367075656273
7.47379085342079
7.47374040029206
7.47393217204389
7.47385841103441
7.47217037565259
7.46967585171766
7.46953850889926
7.4696302975229
7.46949018918486
7.46944274603079
7.46948504374084
7.46952535091799
7.46954064926142
7.46951266184299
7.46950604770166
7.46947087964369
7.4386493970688
7.43848998350551
7.43861390798031
7.43867058666185
7.43848091139593
7.43821501554478
7.43833166835938
7.43859621071174
7.43870834837865
7.43862413672971
7.43861513848036
7.43869268212651
7.43799039372822
7.42189421838617
7.41426755700362
7.41414933046206
7.41428366751945
7.41437915277557
7.41423219105317
7.41373270770593
7.41402577421433
7.41089304469852
7.41423503913125
7.4142783979489
7.41336055138554
7.38301631144824
7.38288202929662
7.38265919826429
7.38275632460103
7.3827481764611
7.38135111257643
7.38130229496395
7.38264014739771
7.38240044323306
7.378793435811
7.37882787414402
7.37882389029615
7.37876705352978
7.37874026435102
7.37870303945866
7.3784462793851
7.37718483382662
7.37874624910504
7.37862417964056
7.37845517094791
7.37745226036929
7.37856841175815
7.37362406541385
7.37583908638146
7.37586294334005
7.37587942837879
7.37565986724054
7.37561828813361
7.37558606710039
7.37565021450225
7.37570341043806
7.37558142505646
7.37563726269748
7.37564334030234
7.37570252449822
7.40924115695692
7.40919518974214
7.4093176582069
7.40933495409495
7.40921194701494
7.4091497883956
7.40927318993209
7.40918653372959
7.40924146711094
7.40936089004025
7.40920110507682
7.4091564291072
7.41142071917819
7.39303652830988
7.3903057206348
7.39038603572027
7.38953423252051
7.39030451704462
7.38899980455505
7.39019133330271
