Force
-1.57632089939712
-1.576343006579
-1.57635257529444
-0.967698275408977
-0.967015486644498
-0.965056351761902
-0.961426209579419
-0.946026872990661
-0.946021806218938
-0.956565544416074
-0.957960527410008
-0.954833091542608
-0.953239964113324
-0.949504539463458
-0.624507654092379
1.23908345288809
1.24240472623533
1.24599752285384
1.24922241192778
1.25296794590756
1.25576855258515
1.26541756483723
1.26295077674934
1.26844040390021
1.56069666186858
1.25850748460334
1.26079037788923
2.0587352438654
2.17967603182619
2.17764441988526
2.06108665127369
2.05629051199953
2.93618938925568
2.93741370857781
2.93847822213637
2.93961772131431
2.94070021802621
2.94224096246468
2.94132400240414
2.9444830665317
3.00815622414295
2.94298361199569
2.94547825938628
2.94380643845122
3.20911272043122
3.34275729281119
3.35832989061309
3.35867436519503
3.35937371106636
3.35991351472898
3.36088559751441
3.36166600565336
3.38299531773828
3.39639143063084
3.36269398219899
3.38181514191708
3.38318714060682
3.38257106674482
3.45059529339981
3.45109058962991
3.54891081022769
3.54975410341616
3.55034481733355
3.55076804393096
3.55186961716382
3.54854179389105
3.55169125566028
3.55134311952232
3.55189674619669
3.55194770399887
3.55183461348278
3.54855437516469
3.55348061131321
3.55453569756683
3.55446554086393
3.55470174402512
3.55461038769639
3.55463678907633
3.5543186449442
3.55451119766846
3.55406216383494
3.55805015327837
3.5543091598768
3.55411947879991
3.5540548929126
3.51426962909809
3.51687572440139
3.5167395006153
3.51687472821098
3.51723636488347
3.51725011104086
3.51731378864084
3.51846730740908
3.51861155534927
3.5173570115715
3.51743475823019
3.51853024910189
3.51844835268552
3.5171971389605
3.51451907856107
3.51419426228642
3.51420236678768
3.51458290981861
3.51463874635729
3.51426227145163
3.51466558699493
3.51458104771789
3.51449807446458
3.51452355641834
3.51423100945715
3.51615941814105
3.51569873128355
3.45252246074519
3.44240712323947
3.44235878408214
3.44243426568611
3.44261015258847
3.44252343942124
3.44229853915253
3.44264225379135
3.44279902221216
3.44267469770717
3.44245117142003
3.44219861366653
3.42579081028899
3.4257164815621
3.42576348982615
3.42559513680462
3.42585299920793
3.42572933594698
3.42569247820151
3.42562190976914
3.4256896443812
3.38835416876657
3.38838390812551
3.38860883768194
3.38841717965986
3.388275853132
3.38768619980633
3.38835569216962
3.38807644459283
3.38799224453476
3.38799517210559
3.37160351269816
3.37176858242219
3.37169484144603
3.3716233006631
3.37156883335974
3.37160129385935
3.37180183845338
3.37176180415558
3.3717543774972
3.3686175870107
3.37183095495206
3.37164101779218
3.3658266976236
3.36575805239018
3.36172326048994
3.36153310982069
3.35959444676135
3.35901525974365
3.35857706454188
3.35844497838414
3.35460591232933
3.35868460887654
3.35819709762072
3.35482595340034
3.35446258579924
3.35469562199081
3.35831862463407
3.35175419945452
3.35076747780367
3.35066255428458
3.35067892313885
3.35059935524689
3.35036388618955
3.35045987717199
3.35044892211344
3.35038918388422
3.35029438180717
3.35056788382053
3.35049840426986
3.35037348818731
3.35026883659933
3.35016353653554
3.35025295783817
3.34953817670783
3.34811864085386
3.3483275136967
3.34831154843138
3.34823149253289
3.34827786386356
3.34840489216786
3.34854012601139
3.34864702130662
3.34834439565768
3.3484938984671
3.34845521720085
3.347536234811
3.34826825138867
3.34790359576697
3.34796007624571
3.34793673482467
3.34778282916216
3.34784471895
3.34771378274913
3.34747601029072
3.34768648127384
3.34757080541531
3.34784388845866
3.34769855046997
3.34786158688398
3.34537510271068
3.34361915088186
3.34359205539868
3.34368916029509
3.34393378518271
3.34393042419664
3.34378842523317
3.34379696529519
3.3436970564466
3.34349784740854
3.34347919299714
3.3436043997031
3.34381274551041
3.34375615688143
3.34339881715973
3.3432156733049
3.34318975922029
3.34456642221042
3.34458972869022
3.34471498375531
3.3443929494317
3.34445853871778
3.34449763065485
