Force
-1.31520900020481
-0.683288001831476
-0.600585834142448
-0.597495060215413
-0.594406781124749
-0.593989015480297
-0.595231083353724
-0.596180648016999
-0.591276057720825
-0.592826714165539
-0.597166811886677
-0.59802350298568
0.0543586589150732
0.0430261445687219
0.0490307311736635
2.03081408499193
2.03390265080631
2.03674059226788
2.04004584295934
2.05915606179774
2.06212770593544
2.04652989145038
2.04327841422987
2.04962250831726
2.0522215751589
2.05562424674543
3.05900729126561
3.05932566258699
3.05985492015653
3.06066796494924
3.06115435472818
3.06194931706904
3.06560951427035
3.10931459687605
3.06264666541719
3.06349955866768
3.06436831319552
3.06685434669183
3.36665030161098
3.36714461250115
3.3680242562494
3.36880420205659
3.36947670843351
3.37236437884594
3.37283924516371
3.37010398922827
3.37068822058804
3.37119885395215
3.37179058663407
3.48446007770239
3.57170398883258
3.57207694014218
3.57234024606944
3.57252129144671
3.57363801855689
3.5734718414389
3.5737207672695
3.57299431022556
3.57284571050616
3.57324366417818
3.57330352208827
3.57893489154769
3.59720834908559
3.66520219706279
3.67457001649384
3.67466862322977
3.67456679091571
3.67433706980683
3.67195379874967
3.67643049844934
3.6742396311578
3.67372299347091
3.67326151612017
3.67239798830066
3.67163068655743
3.69227346474102
3.69489073414354
3.69492863052635
3.69480037739288
3.69332246802706
3.69375247463929
3.69360310802474
3.69415672269582
3.69434038419131
3.69453456345873
3.69353118359769
3.69326389043158
3.68485850054722
3.68745761138454
3.68743234384999
3.68736636583618
3.68731435140639
3.69545940749271
3.70094251024894
3.7011163096861
3.70115949404145
3.70101848498195
3.70123237627025
3.70135660665147
3.70135255571689
3.70116572015453
3.70116431906965
3.70137916819362
3.70136477153761
3.70322136076575
3.70671142889406
3.70812211896777
3.70784866010247
3.70789817013985
3.70825733642496
3.70826184003577
3.70841543467912
3.70826901593232
3.7084922381282
3.71024563989547
3.71021361881527
3.71009494089562
3.71021697298734
3.71028380645265
3.71043023468048
3.71052700702051
3.71015000119565
3.71021687195766
3.71050908559203
3.7104749060597
3.71300962041768
3.71326088429275
3.71333672856473
3.71344275264631
3.71320385599159
3.71290500661215
3.71314616408518
3.71339230524018
3.71356042838302
3.71297207766432
3.71318691688266
3.71288859308463
3.71320964224013
3.71310154001114
3.71375905788133
3.71416260734052
3.71419684217477
3.71414994288865
3.71378976973021
3.71583684566372
3.71402604216739
3.71440743296226
3.71453114717965
3.71447233332336
3.71442098808059
3.71406563628769
3.71448402077694
3.71438834011166
3.71433707295573
3.71447826619944
3.71426995060024
3.71309371342494
3.713016907108
3.71024016712947
3.70909280285859
3.70932407844853
3.7091618938429
3.70945517168207
3.70885328517867
3.70842244207101
3.70883231621609
3.70905511590209
3.70878158313324
3.7087399713252
3.70858895173323
3.70642060586504
3.67261294005148
3.67262386674122
3.67270227901572
3.67253937976141
3.67224207550017
3.67250171310152
3.67279662915116
3.67275419599428
3.67275949055815
3.67277209791262
3.67250898947517
3.66988715872219
3.66353844341632
3.66332773016406
3.66324173672632
3.66302602762778
3.66307671256538
3.66325174445655
3.65988377826006
3.66296940008605
3.66301918749119
3.66305660687845
3.66306229816241
3.66305045293035
3.65323728625975
3.64494659683007
3.64452994954647
3.64208868091029
3.64210729017552
3.64249554718493
3.64241193375502
3.64244969998074
3.64255780886974
3.64164579961001
3.64149847908101
3.63865127513736
3.64148925313285
3.64143859470257
3.64149049836416
3.63537828442652
3.63542466821258
3.62699654403037
3.62123282401823
3.6210976706483
3.62108671132196
3.62097940351335
3.6098475714874
3.60982765817491
3.62075038739873
3.60994472360349
3.60990718644873
3.61006887958144
3.61018830986777
3.60577524778723
3.59626295623574
3.59515669861681
3.59521471725078
3.59523803305721
3.5954387974761
3.59512013034948
3.59516683713173
3.59513760729296
3.59511308314062
3.59541848554323
3.59540797620853
